-0.000626
-0.000549
0.000740
0.000723
-0.001029
-0.001060
0.001521
0.001593
-0.002246
-0.002357
0.003240
0.003396
-0.004550
-0.004767
0.006237
0.006550
-0.008392
-0.008861
0.011160
0.011894
-0.014786
-0.015986
0.019731
0.021795
-0.026956
-0.030800
0.038845
0.047129
-0.063263
-0.088166
0.150134
0.449708
0.449708
0.150134
-0.088166
-0.063263
0.047129
0.038845
-0.030800
-0.026956
0.021795
0.019731
-0.015986
-0.014786
0.011894
0.011160
-0.008861
-0.008392
0.006550
0.006237
-0.004767
-0.004550
0.003396
0.003240
-0.002357
-0.002246
0.001593
0.001521
-0.001060
-0.001029
0.000723
0.000740
-0.000549
0.000000
