1.012120,-0.019335
0.057830,0.282206
0.705591,-0.391867
0.593002,0.606136
0.136177,-0.227632
0.931382,0.336685
-0.049050,0.288197
0.762878,-0.139578
0.323432,0.723124
0.243073,-0.151569
0.824443,0.604285
-0.116921,0.290297
0.800169,0.119228
0.103706,0.789250
0.281493,-0.069424
0.570051,0.802565
-0.227991,0.277406
0.739964,0.304928
-0.150044,0.746974
0.309027,-0.016284
0.259451,0.954698
-0.279239,0.179325
0.610460,0.518015
-0.390099,0.702089
0.298999,0.098681
-0.034365,1.017985
-0.309918,0.069060
0.413231,0.721623
-0.546431,0.568775
0.222554,0.140094
-0.322097,0.934856
-0.324733,0.005558
0.119787,0.796030
-0.729359,0.357614
0.202187,0.230456
-0.585076,0.802061
-0.312180,-0.133548
-0.124343,0.785754
-0.803067,0.090798
0.133351,0.324203
-0.829683,0.630891
-0.220011,-0.159968
-0.305098,0.760187
-0.807190,-0.123599
-0.021445,0.318801
-0.945517,0.355627
-0.202584,-0.225994
-0.547290,0.613132
-0.680974,-0.395644
-0.063456,0.282800
-0.986658,-0.009571
-0.038074,-0.283305
-0.698812,0.391211
-0.548008,-0.588297
-0.172735,0.291008
-0.973015,-0.310944
0.011471,-0.355221
-0.808472,0.113327
-0.316686,-0.744281
-0.227839,0.205476
-0.800309,-0.593263
0.142242,-0.328675
-0.802080,-0.106006
-0.093281,-0.802598
-0.276690,0.135590
-0.603752,-0.821334
0.204219,-0.220985
-0.722664,-0.371011
0.177891,-0.801968
-0.311614,0.018619
-0.322906,-0.983159
0.275126,-0.165757
-0.659557,-0.581255
0.384095,-0.676995
-0.325973,-0.051796
0.026804,-1.000396
0.288997,-0.008365
-0.366172,-0.759243
0.607237,-0.537855
-0.264156,-0.185852
0.266263,-0.970540
0.295952,-0.013938
-0.113832,-0.812630
0.725591,-0.318144
-0.163898,-0.239335
0.607582,-0.801833
0.283253,0.087743
0.102365,-0.782009
0.780461,-0.120867
-0.124740,-0.264927
0.777383,-0.546455
0.234652,0.208175
0.326458,-0.723294
0.819491,0.145164
-0.014655,-0.313439
0.926368,-0.361725
0.173308,0.268318
0.537117,-0.586580
0.732922,0.404337
0.066867,-0.319478
0.992757,0.042728
0.049541,0.303681
0.736804,-0.374086
0.529486,0.608354
0.179548,-0.252468
0.892742,0.317705
0.005122,0.324493
0.780781,-0.134105
0.377153,0.726967
0.245341,-0.212569
0.795459,0.562131
-0.091902,0.315454
0.790891,0.140298
0.071211,0.798151
0.281464,-0.131907
0.528567,0.821340
-0.193431,0.292015
0.731247,0.350685
-0.153538,0.738117
0.305982,0.022046
0.308441,0.983942
-0.273790,0.159757
0.628837,0.508320
-0.360774,0.676434
0.319311,0.063867
0.013086,0.975594
-0.290472,0.100388
0.367205,0.706000
-0.608117,0.550224
0.263479,0.151001
-0.331524,0.926660
-0.286066,-0.024799
0.136590,0.809717
-0.710628,0.347915
0.201714,0.207686
-0.596208,0.796418
-0.287988,-0.103405
-0.088567,0.812346
-0.799322,0.107088
0.156361,0.308511
-0.791369,0.589923
-0.233499,-0.213689
-0.334387,0.723364
-0.795443,-0.150857
0.003835,0.308241
-0.956182,0.290223
-0.173689,-0.268458
-0.584778,0.595507
-0.714032,-0.398077
-0.086194,0.337420
-0.985930,0.010289
-0.081511,-0.260672
-0.738165,0.404693
-0.575017,-0.613558
-0.163556,0.269783
-0.974570,-0.318893
0.015187,-0.291805
-0.822545,0.155298
-0.358670,-0.751749
-0.239990,0.216653
-0.789885,-0.629085
0.141314,-0.247026
-0.787716,-0.123998
-0.133767,-0.805973
-0.277317,0.075868
-0.593091,-0.813575
0.238663,-0.229178
-0.736981,-0.356508
0.162162,-0.798596
-0.285135,0.007190
-0.333854,-0.957486
0.250312,-0.194938
-0.597845,-0.568779
0.338038,-0.709022
-0.279284,-0.134492
-0.014715,-0.996214
0.306748,-0.083495
-0.371296,-0.690111
0.587703,-0.571398
-0.241605,-0.163471
0.322379,-0.979473
0.364550,0.007759
-0.105902,-0.814202
0.748784,-0.358673
-0.167481,-0.307345
0.572104,-0.802815
0.296435,0.096967
0.098629,-0.796894
0.837012,-0.050196
-0.122436,-0.316034
0.824440,-0.601969
0.188016,0.220835
0.349833,-0.738755
0.817129,0.164790
0.003753,-0.325824
0.929207,-0.294576
0.209855,0.307968
0.539665,-0.596833
0.736095,0.379708
0.061203,-0.300243
0.993199,-0.037642
0.077700,0.281870
0.705362,-0.360277
0.543438,0.533073
0.201111,-0.209591
0.941631,0.319492
-0.037489,0.294320
0.808117,-0.184499
0.373451,0.701674
0.252110,-0.198903
0.835609,0.616614
-0.114520,0.346834
0.776405,0.095332
0.115151,0.809586
0.307795,-0.148316
0.557949,0.786910
-0.206371,0.207810
0.703287,0.343232
-0.183005,0.789393
0.278932,0.001543
0.314735,0.929261
-0.292478,0.173570
0.579210,0.578275
-0.397778,0.720844
0.334388,0.089947
-0.032915,1.012387
-0.276614,0.063898
0.378983,0.716090
-0.607551,0.508065
0.268522,0.162564
-0.338790,0.927627
-0.240295,-0.011555
0.144952,0.805214
-0.734693,0.363885
0.211153,0.259680
-0.571501,0.818379
-0.271247,-0.103043
-0.073130,0.814047
-0.800301,0.124899
0.106645,0.298358
-0.780260,0.623441
-0.237101,-0.202706
-0.360917,0.761104
-0.824658,-0.159233
0.011257,0.304310
-0.978187,0.273578
-0.117205,-0.239795
-0.558899,0.584149
-0.721124,-0.388588
-0.082440,0.272516
-0.991259,-0.013698
-0.096805,-0.271298
-0.709768,0.387256
-0.540905,-0.617449
-0.146826,0.240179
-0.956593,-0.294273
-0.001492,-0.325588
-0.790632,0.148445
-0.325965,-0.744931
-0.283329,0.148604
-0.815528,-0.591659
0.097257,-0.302085
-0.814303,-0.095929
-0.075052,-0.794515
-0.228704,0.112710
-0.565503,-0.814775
0.244763,-0.207372
-0.723752,-0.329638
0.146206,-0.766387
-0.299238,-0.006640
-0.330570,-0.948800
0.267851,-0.184697
-0.651572,-0.552249
0.403215,-0.703800
-0.296018,-0.096648
0.004476,-0.957391
0.295896,-0.095392
-0.368583,-0.702231
0.616347,-0.576308
-0.286809,-0.139075
0.343612,-0.917010
0.306637,0.007826
-0.162536,-0.810066
0.697150,-0.335715
-0.218767,-0.251199
0.585474,-0.794572
0.286988,0.165204
0.098960,-0.812756
0.788451,-0.091971
-0.131284,-0.279271
0.835682,-0.613766
0.243513,0.216895
0.331916,-0.739549
0.831228,0.111159
-0.015948,-0.327227
0.956189,-0.349544
0.142824,0.246916
0.600171,-0.648862
0.665918,0.375372
0.068091,-0.323300
0.996929,-0.009112
0.060565,0.316690
0.712571,-0.425048
0.569517,0.577594
0.160705,-0.278600
0.914290,0.318948
-0.039395,0.283524
0.775108,-0.131558
0.346533,0.713662
0.230459,-0.216499
0.798019,0.605287
-0.106736,0.264014
0.789512,0.092369
0.117291,0.815648
0.265467,-0.104030
0.557257,0.825853
-0.215452,0.287279
0.698444,0.356963
-0.127727,0.829064
0.323329,0.041362
0.328548,0.960407
-0.256289,0.153380
0.601368,0.555208
-0.395549,0.650499
0.349461,0.029150
-0.005495,0.972286
-0.282143,0.091389
0.392960,0.702508
-0.560383,0.561887
0.247197,0.152737
-0.298218,0.955927
-0.319508,-0.052086
0.167135,0.759381
-0.738732,0.353369
0.176285,0.235272
-0.553428,0.801787
-0.248877,-0.136282
-0.085681,0.818440
-0.815116,0.097636
0.135616,0.303536
-0.813516,0.571718
-0.246044,-0.191439
-0.372382,0.737181
-0.805018,-0.165428
0.052978,0.294609
-0.923884,0.326844
-0.203163,-0.304127
-0.537747,0.589230
-0.691775,-0.413048
-0.043864,0.301704
-1.013629,-0.043695
-0.020611,-0.293469
-0.714150,0.401989
-0.530937,-0.590154
-0.136281,0.257476
-0.946920,-0.300672
0.027020,-0.297543
-0.799526,0.169871
-0.384090,-0.770728
-0.209451,0.183386
-0.786913,-0.601498
0.076740,-0.268148
-0.795383,-0.089989
-0.122077,-0.824127
-0.331172,0.115050
-0.634692,-0.814498
0.176015,-0.232597
-0.746003,-0.356178
0.195990,-0.820015
-0.304818,0.015600
-0.304217,-0.994502
0.239782,-0.166406
-0.619586,-0.577116
0.381556,-0.724092
-0.260743,-0.101308
-0.025265,-1.060098
0.321607,-0.070875
-0.428703,-0.713338
0.570122,-0.534593
-0.279956,-0.186027
0.313855,-0.970753
0.291907,-0.011673
-0.160266,-0.791370
0.711718,-0.358542
-0.219496,-0.218102
0.610305,-0.784245
0.292627,0.146394
0.087959,-0.793820
0.804331,-0.091811
-0.111001,-0.348691
0.810524,-0.592309
0.250502,0.178264
0.371561,-0.727002
0.792768,0.171337
-0.048033,-0.324856
0.966174,-0.300177
0.165692,0.265982
0.536588,-0.569295
0.725408,0.431557
0.051641,-0.323446
0.994246,0.008444
0.066196,0.261558
0.696729,-0.379305
0.568920,0.599579
0.184775,-0.260257
0.934081,0.274524
-0.045504,0.310847
0.811111,-0.163885
0.302950,0.781833
0.196402,-0.243581
0.840118,0.626151
-0.139092,0.276152
0.788380,0.145864
0.135794,0.772899
0.263953,-0.113284
0.574065,0.799839
-0.182216,0.242541
0.781719,0.311400
-0.219848,0.816601
0.321834,-0.025210
0.312331,0.941111
-0.216592,0.157361
0.555292,0.573213
-0.370166,0.714211
0.308343,0.062192
-0.007888,0.995271
-0.272196,0.063866
0.380050,0.710721
-0.569268,0.576430
0.237377,0.179665
-0.308793,0.970641
-0.303974,-0.015209
0.175616,0.819764
-0.737559,0.320293
0.236422,0.222044
-0.598351,0.787912
-0.253880,-0.112033
-0.113574,0.812679
-0.809527,0.105276
0.122930,0.243587
-0.810249,0.587822
-0.234411,-0.228708
-0.392936,0.730775
-0.792368,-0.151320
0.022508,0.289069
-0.985392,0.328593
-0.210431,-0.268310
-0.530429,0.559906
-0.693470,-0.416703
-0.052707,0.292196
-0.982744,0.014179
-0.083285,-0.253871
-0.742377,0.406554
-0.498101,-0.590933
-0.159259,0.267476
-0.935211,-0.329918
0.007596,-0.327631
-0.774196,0.144641
-0.346945,-0.771149
-0.271209,0.176932
-0.797716,-0.591858
0.113305,-0.308290
-0.778954,-0.113155
-0.090117,-0.817217
-0.250185,0.083672
-0.615700,-0.778941
0.188273,-0.245830
-0.792010,-0.327496
0.131148,-0.798792
-0.324150,0.028006
-0.310831,-0.953405
0.245378,-0.165701
-0.595026,-0.569810
0.386723,-0.694699
-0.277497,-0.057630
0.021914,-0.951487
0.259102,-0.079219
-0.370359,-0.694585
0.591950,-0.524559
-0.217956,-0.161797
0.311412,-0.978442
0.335961,0.031464
-0.161393,-0.787031
0.731312,-0.355913
-0.228893,-0.212286
0.640502,-0.795663
0.331436,0.107585
0.052728,-0.831183
0.764968,-0.130712
-0.115383,-0.275460
0.821104,-0.575362
0.193589,0.208916
0.338713,-0.725832
0.805780,0.197796
-0.048288,-0.291560
1.005325,-0.320994
0.156615,0.255671
0.519513,-0.601305
0.719654,0.390740
0.064501,-0.315146
0.980840,0.018337
0.081160,0.230232
0.707395,-0.370207
0.546493,0.623537
0.154579,-0.241259
0.958980,0.264006
-0.038544,0.325739
0.788529,-0.149145
0.364375,0.751258
0.245178,-0.155662
0.805506,0.573052
-0.085384,0.335795
0.816413,0.098209
0.135049,0.800661
0.305939,-0.061034
0.614380,0.802865
-0.218109,0.238913
0.729769,0.347201
-0.158717,0.797065
0.340089,-0.037199
0.318918,0.930724
-0.268146,0.139002
0.570863,0.533320
-0.383760,0.686170
0.309743,0.046766
0.023331,0.991625
-0.350668,0.060957
0.418985,0.734109
-0.607480,0.551529
0.257855,0.215098
-0.326350,0.928935
-0.308727,0.010017
0.172452,0.807721
-0.742970,0.339399
0.214686,0.244503
-0.566456,0.788408
-0.281931,-0.089941
-0.104187,0.772405
-0.819041,0.127882
0.152031,0.274685
-0.794889,0.584462
-0.239920,-0.210815
-0.343012,0.712144
-0.804617,-0.151662
0.055423,0.289413
-0.943398,0.315972
-0.186790,-0.258976
-0.552755,0.595519
-0.738887,-0.363106
-0.094597,0.316094
-1.005448,0.008640
-0.099234,-0.295415
-0.768535,0.383817
-0.565947,-0.599997
-0.157917,0.262641
-0.952739,-0.310135
0.047372,-0.274317
-0.794041,0.140839
-0.330999,-0.729223
-0.232180,0.210552
-0.802687,-0.610862
0.140091,-0.294546
-0.846871,-0.106774
-0.120336,-0.789529
-0.260686,0.141758
-0.549761,-0.853620
0.184699,-0.248308
-0.739180,-0.388092
0.164889,-0.793253
-0.298844,0.031834
-0.333928,-0.976403
0.263359,-0.225990
-0.603804,-0.554601
0.374042,-0.688460
-0.284561,-0.051389
0.022724,-1.010633
0.286149,-0.085972
-0.382841,-0.695067
0.592029,-0.559885
-0.264336,-0.193845
0.301685,-0.970203
0.313852,0.006670
-0.183486,-0.785267
0.722235,-0.375733
-0.196924,-0.255188
0.584733,-0.844837
0.241093,0.112239
0.083503,-0.815213
0.787210,-0.078168
-0.087039,-0.246780
0.806519,-0.575953
0.239076,0.206192
0.358769,-0.751992
0.788986,0.144412
-0.019619,-0.289793
0.920523,-0.313717
0.174493,0.281205
0.567573,-0.606993
0.678941,0.405678
0.075175,-0.311795
1.006727,0.005544
0.069753,0.287091
0.711922,-0.409914
0.537155,0.601522
0.174919,-0.239562
0.935549,0.336297
-0.014344,0.295084
0.804834,-0.131398
0.357469,0.681245
0.216152,-0.214389
0.802143,0.604485
-0.113764,0.253535
0.776132,0.133241
0.085838,0.810302
0.299215,-0.069447
0.628809,0.802922
-0.186153,0.237304
0.733362,0.375356
-0.193573,0.788716
0.316737,0.000878
0.317899,0.969432
-0.290991,0.140316
0.569468,0.559171
-0.423844,0.699156
0.324870,0.066888
0.017114,1.029848
-0.315764,0.064612
0.409621,0.686439
-0.568006,0.550629
0.225781,0.177990
-0.282700,0.968620
-0.327332,-0.067252
0.136443,0.800716
-0.737555,0.391068
0.198897,0.262366
-0.542352,0.805419
-0.274069,-0.129924
-0.113152,0.807461
-0.828774,0.113679
0.134009,0.274169
-0.770203,0.558180
-0.201624,-0.208471
-0.345203,0.768414
-0.783806,-0.146008
0.053078,0.298546
-0.968450,0.298174
-0.180596,-0.245380
-0.540449,0.581604
-0.705255,-0.388697
-0.047687,0.299212
-1.008415,-0.003186
-0.107177,-0.265277
-0.759187,0.392061
-0.536411,-0.545922
-0.187085,0.291928
-0.943318,-0.301974
0.038854,-0.342092
-0.794500,0.209305
-0.328441,-0.741776
-0.223586,0.160089
-0.835238,-0.559331
0.157281,-0.293701
-0.799599,-0.101795
-0.132563,-0.805603
-0.270752,0.135442
-0.567790,-0.827556
0.195249,-0.250052
-0.724172,-0.357809
0.163168,-0.813985
-0.304877,-0.011208
-0.309840,-0.940662
0.269635,-0.142057
-0.598170,-0.576907
0.376639,-0.764475
-0.303391,-0.072919
0.017474,-1.024793
0.352421,-0.078883
-0.389942,-0.723215
0.600661,-0.491849
-0.262941,-0.179458
0.297758,-0.984272
0.301241,-0.000709
-0.139081,-0.804364
0.706002,-0.344883
-0.198323,-0.243179
0.593148,-0.794870
0.331336,0.087752
0.084413,-0.786531
0.810786,-0.118247
-0.128560,-0.283872
0.783285,-0.579310
0.249791,0.147887
0.334201,-0.746486
0.750915,0.138512
0.010186,-0.326592
0.950896,-0.277481
0.178027,0.261847
0.573304,-0.567930
0.690811,0.389910
0.064604,-0.291340
1.014861,-0.041823
0.073297,0.293271
0.740019,-0.388565
0.523009,0.609097
0.163167,-0.236176
0.925975,0.317712
0.028861,0.290777
0.780820,-0.163995
0.348485,0.723939
0.219905,-0.179169
0.820766,0.582468
-0.132001,0.278996
0.804626,0.130660
0.089260,0.761053
0.290355,-0.088000
0.576186,0.819507
-0.157514,0.274138
0.723467,0.363587
-0.163336,0.803437
0.287895,-0.004500
0.306239,0.937837
-0.279184,0.140521
0.572738,0.559330
-0.389547,0.712466
0.338047,0.081262
0.008378,0.998237
-0.325320,0.075419
0.389725,0.700965
-0.575854,0.547668
0.249801,0.186090
-0.330199,0.926607
-0.330837,-0.025669
0.140483,0.796335
-0.716945,0.334321
0.181922,0.257208
-0.594252,0.812517
-0.304109,-0.085604
-0.108009,0.833483
-0.815331,0.078247
0.138989,0.287373
-0.803795,0.632426
-0.212279,-0.192442
-0.361890,0.722481
-0.798068,-0.124575
0.007757,0.335333
-0.949608,0.303127
-0.157778,-0.268039
-0.567481,0.583807
-0.725349,-0.387061
-0.091224,0.308388
-1.002759,0.000975
-0.067700,-0.324775
-0.706735,0.410046
-0.540052,-0.586215
-0.169303,0.302055
-0.941546,-0.324482
0.010466,-0.296754
-0.806850,0.158825
-0.359141,-0.769424
-0.225674,0.197336
-0.821594,-0.592661
0.121167,-0.286578
-0.770321,-0.110781
-0.101015,-0.747594
-0.308864,0.110759
-0.594939,-0.778088
0.189797,-0.225153
-0.720989,-0.364347
0.139793,-0.781880
-0.334879,0.018558
-0.298906,-0.952181
0.255931,-0.154188
-0.606341,-0.544360
0.433173,-0.730581
-0.278514,-0.054393
0.025497,-0.974618
0.314107,-0.082952
-0.391842,-0.738914
0.576829,-0.515472
-0.262439,-0.175362
0.309684,-0.970265
0.321765,0.050255
-0.171837,-0.797640
0.736686,-0.326798
-0.214677,-0.219154
0.547100,-0.799320
0.276030,0.102472
0.096552,-0.797967
0.782641,-0.104859
-0.094250,-0.272361
0.798498,-0.600523
0.230081,0.191752
0.343775,-0.740614
0.814341,0.131919
0.034085,-0.270846
0.921094,-0.307865
0.178066,0.261750
0.556727,-0.591216
0.762640,0.384834
0.047787,-0.348348
1.020771,-0.020755
0.111890,0.311757
0.704677,-0.393009
0.528992,0.622751
0.180660,-0.250572
0.936713,0.288239
-0.028388,0.293547
0.758888,-0.131207
0.332234,0.715255
0.260741,-0.166227
0.783074,0.580076
-0.113583,0.324720
0.832984,0.169296
0.065324,0.792098
0.311501,-0.124481
0.600725,0.804698
-0.232563,0.228466
0.723941,0.372161
-0.168853,0.767899
0.273718,-0.013833
0.323594,0.948677
-0.277280,0.153914
0.585331,0.537888
-0.430616,0.704208
0.253434,0.072762
0.020843,1.022751
-0.312488,0.048473
0.370273,0.710330
-0.597077,0.576355
0.283646,0.195572
-0.334577,0.912188
-0.343159,-0.005663
0.164689,0.822309
-0.691737,0.306303
0.196002,0.242413
-0.635055,0.805621
-0.259288,-0.092142
-0.095942,0.796099
-0.803534,0.093930
0.094561,0.252529
-0.783981,0.591696
-0.218197,-0.212030
-0.368319,0.759608
-0.792941,-0.154474
0.002096,0.363437
-0.961800,0.290210
-0.143559,-0.280281
-0.575402,0.593208
-0.736652,-0.406232
-0.083049,0.345323
-0.989406,0.005154
-0.071224,-0.319222
-0.702641,0.390901
-0.539254,-0.628444
-0.149657,0.247506
-0.963250,-0.326075
0.016058,-0.316597
-0.767936,0.129754
-0.352676,-0.714947
-0.206725,0.189720
-0.781544,-0.612697
0.097348,-0.294071
-0.808870,-0.111782
-0.085925,-0.796100
-0.306114,0.134976
-0.584604,-0.814239
0.157436,-0.261212
-0.744764,-0.356196
0.176041,-0.788777
-0.327208,0.009563
-0.340599,-0.946119
0.250039,-0.150018
-0.522342,-0.531700
0.358736,-0.717399
-0.275387,-0.096280
0.003230,-1.020767
0.296822,-0.093913
-0.426665,-0.728164
0.564363,-0.557646
-0.230930,-0.175564
0.319565,-0.976448
0.311579,0.003006
-0.125967,-0.782790
0.769632,-0.344527
-0.169178,-0.247164
0.570987,-0.820947
0.306410,0.135933
0.109066,-0.791145
0.796626,-0.131045
-0.144571,-0.317557
0.762722,-0.537597
0.235473,0.172499
0.358186,-0.712965
0.807891,0.168398
0.021399,-0.299210
0.925851,-0.329469
0.152030,0.249198
0.551519,-0.584478
0.672795,0.392553
0.056938,-0.299707
0.985950,-0.017476
0.074020,0.307032
0.702763,-0.390748
0.530712,0.572694
0.149834,-0.292633
0.982297,0.288774
0.007483,0.301387
0.796142,-0.161007
0.329211,0.760443
0.226235,-0.195228
0.791486,0.578939
-0.129364,0.294741
0.832415,0.104425
0.099476,0.828899
0.246327,-0.157988
0.605416,0.822650
-0.175170,0.237063
0.719294,0.355711
-0.140508,0.794826
0.278484,0.004491
0.290935,0.945194
-0.257952,0.129762
0.574315,0.546668
-0.413268,0.708453
0.283557,0.101899
0.036935,1.021428
-0.293646,0.073360
0.376375,0.713488
-0.578746,0.566493
0.246606,0.173640
-0.268991,0.987773
-0.313529,-0.015719
0.136722,0.824414
-0.692378,0.354138
0.160091,0.233764
-0.551769,0.816755
-0.312864,-0.111609
-0.074550,0.813386
-0.793923,0.114445
0.082451,0.319204
-0.804721,0.608667
-0.233258,-0.184887
-0.374779,0.724680
-0.809600,-0.143835
0.057094,0.280111
-0.962613,0.286783
-0.192538,-0.304544
-0.545079,0.581151
-0.664667,-0.398937
-0.057268,0.307851
-0.996190,0.045211
-0.061166,-0.300242
-0.701665,0.367359
-0.549469,-0.572388
-0.168684,0.261558
-0.964757,-0.333380
0.025322,-0.319495
-0.755389,0.138366
-0.376057,-0.735650
-0.237937,0.220755
-0.831135,-0.614835
0.133238,-0.301526
-0.825478,-0.106104
-0.110107,-0.814102
-0.266331,0.120079
-0.575791,-0.814527
0.182704,-0.256330
-0.663817,-0.303268
0.132919,-0.787108
-0.279397,0.077181
-0.333159,-0.951002
0.219766,-0.161912
-0.567461,-0.525817
0.380638,-0.717875
-0.267247,-0.056556
-0.026405,-1.009736
0.328664,-0.114347
-0.347457,-0.705970
0.609147,-0.572582
-0.276187,-0.190899
0.301382,-0.932154
0.316877,0.026554
-0.169002,-0.770966
0.713602,-0.334079
-0.238963,-0.219673
0.579419,-0.818916
0.308869,0.108910
0.099388,-0.805105
0.827358,-0.143718
-0.132985,-0.253314
0.824550,-0.573862
0.261799,0.206122
0.318945,-0.702996
0.763416,0.171177
-0.020329,-0.326723
0.896946,-0.266286
0.170980,0.254267
0.559124,-0.555446
0.728859,0.364449
0.066189,-0.323913
0.992275,-0.017863
0.057009,0.332448
0.718268,-0.384621
0.560619,0.605053
0.168778,-0.279298
0.966883,0.336277
-0.006210,0.274108
0.822931,-0.088168
0.353275,0.732653
0.277020,-0.152836
0.840134,0.591406
-0.095466,0.286155
0.793568,0.139076
0.106412,0.790621
0.289841,-0.122722
0.610675,0.842100
-0.186385,0.203968
0.765983,0.313015
-0.105892,0.782022
0.312687,-0.048022
0.371332,0.976432
-0.283629,0.155993
0.611470,0.532453
-0.404987,0.657914
0.290353,0.090584
-0.001719,0.969704
-0.301156,0.061361
0.398812,0.689796
-0.582692,0.535194
0.245327,0.179899
-0.252495,0.973018
-0.306860,-0.015201
0.126715,0.787203
-0.691342,0.323796
0.230269,0.245251
-0.585202,0.788470
-0.286142,-0.138149
-0.138149,0.825017
-0.830763,0.113778
0.136318,0.281498
-0.765842,0.612400
-0.232843,-0.207471
-0.341388,0.715626
-0.790870,-0.129073
0.025015,0.341975
-0.946765,0.313913
-0.135200,-0.206393
-0.530838,0.639302
-0.696046,-0.374415
-0.107379,0.324706
-1.013250,0.043302
-0.072611,-0.307797
-0.739042,0.370624
-0.524909,-0.565000
-0.162342,0.270563
-0.957029,-0.313184
-0.003948,-0.301862
-0.860317,0.151036
-0.325982,-0.746991
-0.219658,0.206795
-0.833305,-0.610065
0.115885,-0.281273
-0.851620,-0.102528
-0.092612,-0.788004
-0.276040,0.111086
-0.604700,-0.862686
0.218341,-0.236739
-0.709493,-0.373522
0.146315,-0.831288
-0.322432,0.063113
-0.323057,-0.958577
0.238076,-0.163999
-0.662744,-0.562735
0.374732,-0.653890
-0.303125,-0.080754
-0.008799,-1.016921
0.313011,-0.162417
-0.365755,-0.689840
0.605881,-0.543462
-0.223342,-0.149270
0.327452,-0.962621
0.311413,0.014834
-0.160401,-0.801459
0.747276,-0.329772
-0.209946,-0.235210
0.587275,-0.827244
0.272231,0.088729
0.125121,-0.823683
0.823833,-0.128723
-0.086949,-0.301263
0.821542,-0.556297
0.211372,0.200959
0.385489,-0.710452
0.765910,0.210082
-0.008309,-0.352746
0.947454,-0.311994
0.171821,0.260057
0.551973,-0.634691
0.699471,0.371923
0.112955,-0.337188
1.022565,-0.026490
0.094518,0.307019
0.749406,-0.372529
0.551221,0.609672
0.178317,-0.237510
0.953309,0.329234
-0.042180,0.321113
0.776132,-0.150030
0.337098,0.743511
0.227796,-0.149309
0.808684,0.558955
-0.107112,0.314559
0.768082,0.100090
0.080042,0.814792
0.337510,-0.132660
0.587540,0.768739
-0.173310,0.230468
0.713227,0.337438
-0.113268,0.760615
0.335058,-0.020100
0.327779,0.932061
-0.277953,0.169669
0.613789,0.534981
-0.360976,0.714786
0.301997,0.063508
0.001168,1.001154
-0.318697,0.108365
0.382054,0.777841
-0.606612,0.583302
0.234565,0.191830
-0.320944,0.953873
-0.312731,-0.043693
0.152615,0.767090
-0.702137,0.320298
0.209708,0.223589
-0.609994,0.794493
-0.255693,-0.111825
-0.078969,0.767509
-0.799643,0.090231
0.135583,0.249629
-0.772813,0.606780
-0.212386,-0.174294
-0.349016,0.723375
-0.799001,-0.208673
0.014214,0.326242
-0.951238,0.300852
-0.164254,-0.301121
-0.551048,0.598601
-0.696721,-0.388455
-0.111153,0.274521
-0.985353,0.000906
-0.040367,-0.276897
-0.717990,0.341541
-0.531968,-0.622010
-0.207585,0.248413
-0.951079,-0.320445
0.039101,-0.309950
-0.795984,0.178028
-0.375201,-0.756621
-0.286625,0.156539
-0.790415,-0.597390
0.112361,-0.284679
-0.824152,-0.140390
-0.146376,-0.818038
-0.336693,0.102753
-0.573571,-0.802042
0.206201,-0.286535
-0.685898,-0.307841
0.176295,-0.792228
-0.310406,0.022554
-0.352174,-1.016801
0.267747,-0.178185
-0.586654,-0.561756
0.413818,-0.740918
-0.279056,-0.056596
-0.033937,-0.998591
0.286669,-0.090033
-0.380908,-0.723313
0.566123,-0.551499
-0.259941,-0.166913
0.308349,-0.916036
0.285509,0.011596
-0.161224,-0.826266
0.723624,-0.305277
-0.207731,-0.214286
0.580025,-0.787401
0.309637,0.150182
0.119977,-0.803921
0.809166,-0.104170
-0.104729,-0.267635
0.803014,-0.597711
0.277477,0.212415
0.337264,-0.757477
0.758579,0.154514
-0.048141,-0.323851
0.938590,-0.338461
0.164669,0.265117
0.566814,-0.582257
0.678979,0.381471
0.091539,-0.254143
1.000201,0.016576
0.103741,0.300192
0.735244,-0.367019
0.525000,0.589426
0.200430,-0.273186
0.935490,0.295084
-0.004522,0.332158
0.835434,-0.136498
0.317603,0.724752
0.209768,-0.213202
0.821338,0.600561
-0.092604,0.286955
0.802575,0.129758
0.083367,0.811395
0.310063,-0.086841
0.584639,0.813774
-0.209902,0.225778
0.722846,0.315937
-0.112289,0.810070
0.323313,-0.047488
0.309662,0.942150
-0.235376,0.185870
0.585855,0.590090
-0.395549,0.708217
0.344751,0.090849
0.017627,0.994173
-0.283398,0.086062
0.412078,0.718822
-0.632234,0.541771
0.255374,0.164473
-0.321265,0.950528
-0.308711,-0.044502
0.131918,0.789241
-0.739728,0.314472
0.193167,0.257991
-0.582938,0.792400
-0.298364,-0.136887
-0.093707,0.789817
-0.797648,0.121264
0.109089,0.286769
-0.801894,0.605762
-0.204002,-0.177685
-0.327438,0.737796
-0.794704,-0.153895
0.027407,0.332435
-0.976697,0.293760
-0.155845,-0.275401
-0.547961,0.591543
-0.689779,-0.381769
-0.102321,0.294612
-0.997020,0.017354
-0.071469,-0.247530
-0.673176,0.396102
-0.571767,-0.645968
-0.182140,0.229566
-0.982387,-0.342569
0.023262,-0.296782
-0.807505,0.178639
-0.333750,-0.737811
-0.214250,0.173420
-0.834742,-0.590031
0.096128,-0.262155
-0.809748,-0.122392
-0.130990,-0.753974
-0.289944,0.116035
-0.597595,-0.811088
0.181277,-0.229580
-0.729230,-0.352117
0.172138,-0.782762
-0.316531,0.012688
-0.311310,-0.978001
0.246181,-0.153916
-0.635548,-0.584918
0.407447,-0.727603
-0.284232,-0.037269
0.043331,-0.983358
0.299662,-0.061500
-0.404398,-0.715458
0.557636,-0.548315
-0.300490,-0.159190
0.303708,-0.935164
0.329653,0.007669
-0.152908,-0.821812
0.736534,-0.395953
-0.231968,-0.270395
0.573979,-0.851115
0.301951,0.133215
0.109612,-0.823408
0.805583,-0.125716
-0.129472,-0.254072
0.836614,-0.616563
0.219030,0.211402
0.338540,-0.744987
0.766396,0.197065
-0.056564,-0.306084
0.926467,-0.303641
0.168091,0.282275
0.599647,-0.574568
0.718339,0.364059
0.090386,-0.293965
0.983051,0.018194
0.069718,0.343538
0.707060,-0.407928
0.576737,0.588632
0.198297,-0.314242
0.938176,0.340230
-0.000155,0.317753
0.775219,-0.130637
0.335248,0.730611
0.211905,-0.199500
0.860055,0.584806
-0.118039,0.312495
0.835465,0.107539
0.124229,0.775382
0.309823,-0.119559
0.574717,0.766859
-0.210391,0.288274
0.744767,0.324434
-0.161511,0.824111
0.281917,-0.006244
0.318087,0.933866
-0.245775,0.156087
0.575967,0.570886
-0.415174,0.690383
0.320732,0.088819
0.019789,0.998455
-0.328352,0.078901
0.422076,0.708460
-0.588555,0.507355
0.269881,0.174839
-0.349148,0.918909
-0.329928,-0.014787
0.145779,0.779144
-0.740809,0.356645
0.176816,0.190778
-0.545545,0.804228
-0.276267,-0.125279
-0.127216,0.806585
-0.794207,0.081832
0.110408,0.288511
-0.808910,0.567329
-0.234811,-0.182720
-0.372216,0.739443
-0.825870,-0.133242
0.016418,0.275101
-0.930939,0.298922
-0.170853,-0.252663
-0.579964,0.603848
-0.749708,-0.394344
-0.099804,0.281802
-0.952860,-0.011740
-0.063884,-0.266117
-0.701292,0.417778
-0.550958,-0.580427
-0.190928,0.274719
-0.960228,-0.303887
0.004463,-0.337837
-0.798896,0.105963
-0.352385,-0.764709
-0.241824,0.210427
-0.837008,-0.585676
0.072770,-0.307801
-0.831232,-0.128577
-0.105674,-0.821353
-0.284539,0.128410
-0.604466,-0.800341
0.243866,-0.219458
-0.703588,-0.329019
0.157071,-0.829479
-0.304819,0.018009
-0.274233,-0.973026
0.239698,-0.180001
-0.617531,-0.561884
0.373973,-0.703963
-0.242332,-0.083405
-0.035863,-1.030877
0.314285,-0.083901
-0.380737,-0.719341
0.612467,-0.528514
-0.289440,-0.195856
0.349330,-0.965854
0.301925,0.052373
-0.125841,-0.810053
0.744444,-0.325921
-0.185966,-0.218380
0.606799,-0.798718
0.301271,0.139126
0.132761,-0.839842
0.821834,-0.110394
-0.121849,-0.277452
0.830102,-0.588477
0.249511,0.138464
0.333470,-0.740690
0.775837,0.161055
-0.010838,-0.340778
0.970910,-0.283284
0.175092,0.246797
0.574439,-0.578217
0.741705,0.354869
0.097053,-0.326698
1.016085,0.004932
0.098999,0.294842
0.686433,-0.396067
0.558479,0.570190
0.150539,-0.250496
0.959362,0.291501
-0.045962,0.261048
0.777706,-0.175941
0.379755,0.726524
0.214067,-0.193977
0.786784,0.579566
-0.121680,0.288044
0.771683,0.064866
0.110111,0.768906
0.262775,-0.101847
0.577015,0.788659
-0.195104,0.256826
0.759717,0.346858
-0.136177,0.797215
0.320533,0.001638
0.318389,0.970747
-0.279650,0.160480
0.631728,0.510200
-0.387285,0.690818
0.317994,0.079180
0.025132,0.996869
-0.289056,0.073630
0.420219,0.682028
-0.598207,0.574835
0.237504,0.159571
-0.364762,0.972041
-0.283761,0.003239
0.152517,0.818004
-0.698483,0.360620
0.248568,0.210773
-0.589979,0.809406
-0.288755,-0.136368
-0.095407,0.795310
-0.756798,0.101913
0.076828,0.258743
-0.795764,0.599092
-0.232572,-0.189955
-0.372482,0.712678
-0.767193,-0.189368
0.054218,0.331098
-0.968308,0.312806
-0.137368,-0.253213
-0.542514,0.585444
-0.673502,-0.367255
-0.084220,0.289361
-1.016980,0.007402
-0.072229,-0.272721
-0.680314,0.395833
-0.554849,-0.618779
-0.145562,0.277442
-0.938726,-0.337787
-0.010010,-0.324962
-0.801325,0.194636
-0.349018,-0.720822
-0.237356,0.209574
-0.804741,-0.603485
0.090805,-0.307147
-0.792457,-0.092884
-0.097245,-0.831224
-0.268031,0.095924
-0.561922,-0.781502
0.179771,-0.234217
-0.700988,-0.348984
0.123490,-0.760693
-0.330560,0.035156
-0.299769,-0.914777
0.242230,-0.185763
-0.565252,-0.543083
0.417484,-0.725175
-0.286263,-0.082149
0.008691,-0.967874
0.292302,-0.077204
-0.409217,-0.720928
0.565410,-0.534347
-0.245046,-0.143538
0.297664,-0.944131
0.291432,0.000869
-0.166546,-0.833297
0.717973,-0.342211
-0.220947,-0.247826
0.584852,-0.806143
0.279243,0.116120
0.099348,-0.806068
0.762098,-0.073567
-0.139300,-0.292678
0.883438,-0.618367
0.244161,0.225092
0.340190,-0.722989
0.805456,0.156376
-0.004941,-0.342337
0.972204,-0.315681
0.145308,0.257135
0.584943,-0.580776
0.718428,0.399542
0.074906,-0.293216
1.006965,0.027491
0.091270,0.288827
0.700345,-0.371018
0.553752,0.583948
0.159289,-0.262736
0.913684,0.253990
-0.023660,0.294388
0.768289,-0.163732
0.389820,0.712438
0.231202,-0.193464
0.812776,0.603117
-0.121699,0.300215
0.779763,0.072992
0.129240,0.789900
0.274919,-0.132719
0.579967,0.767716
-0.186952,0.223014
0.706977,0.316412
-0.158856,0.798922
0.319429,-0.014345
0.314679,0.911183
-0.241782,0.176031
0.603037,0.556184
-0.384898,0.709900
0.314816,0.081519
0.005439,1.021157
-0.285758,0.072596
0.392615,0.740231
-0.576928,0.577434
0.254910,0.160942
-0.291329,0.925209
-0.294289,-0.065245
0.166105,0.789287
-0.767558,0.297998
0.157802,0.244280
-0.553857,0.799603
-0.289881,-0.103213
-0.120580,0.785439
-0.802519,0.085234
0.106263,0.259371
-0.844558,0.528014
-0.198421,-0.224598
-0.270312,0.728912
-0.801773,-0.175518
-0.003787,0.296282
-0.926629,0.272758
-0.175868,-0.273449
-0.537061,0.609743
-0.728432,-0.354605
-0.120492,0.285851
-0.966504,-0.007940
-0.068366,-0.300167
-0.707498,0.394140
-0.563908,-0.602806
-0.156315,0.292293
-0.941348,-0.322938
0.037513,-0.303913
-0.797215,0.160939
-0.351604,-0.710729
-0.237370,0.238929
-0.861461,-0.566156
0.113233,-0.257650
-0.826546,-0.106563
-0.140346,-0.810327
-0.235255,0.134366
-0.560928,-0.850515
0.214834,-0.244623
-0.770757,-0.357462
0.162330,-0.764861
-0.312650,0.033013
-0.323681,-0.951951
0.251824,-0.149186
-0.560917,-0.596753
0.408446,-0.734348
-0.292719,-0.083218
0.013110,-0.970960
0.308330,-0.072835
-0.377583,-0.703671
0.599834,-0.553910
-0.284628,-0.188538
0.328434,-0.979362
0.293252,-0.009772
-0.167975,-0.802640
0.734625,-0.333842
-0.218253,-0.255870
0.632546,-0.811535
0.289073,0.146345
0.122004,-0.801170
0.778981,-0.086725
-0.136132,-0.273119
0.776954,-0.566981
0.235556,0.158764
0.279522,-0.750330
0.802958,0.139149
-0.010757,-0.315003
0.981369,-0.296041
0.196211,0.288893
0.537294,-0.564381
0.750805,0.381838
0.039561,-0.296488
0.946216,0.004960
0.063562,0.283717
0.711559,-0.420109
0.577408,0.601471
0.159838,-0.245327
0.926176,0.295769
-0.010608,0.327768
0.812356,-0.117432
0.321797,0.697598
0.177289,-0.223824
0.798730,0.621150
-0.073346,0.280027
0.850087,0.090394
0.100934,0.813351
0.276462,-0.109782
0.561428,0.795747
-0.171004,0.223503
0.754946,0.349378
-0.158653,0.785073
0.282353,-0.013934
0.287325,0.944080
-0.269225,0.169610
0.577214,0.551614
-0.428830,0.725867
0.313728,0.063051
-0.015778,1.035954
-0.298454,0.068602
0.364215,0.720655
-0.606952,0.544561
0.298835,0.159384
-0.317971,0.919072
-0.300003,-0.007869
0.166872,0.762323
-0.708113,0.354059
0.183404,0.206937
-0.585559,0.801994
-0.265432,-0.150636
-0.057018,0.791338
-0.785543,0.118251
0.093668,0.291580
-0.814988,0.604550
-0.221018,-0.210511
-0.340082,0.723165
-0.775735,-0.171145
0.065882,0.322125
-0.980011,0.375178
-0.174878,-0.259637
-0.554784,0.581106
-0.709560,-0.363869
-0.084362,0.318317
-0.985122,0.054914
-0.123511,-0.309518
-0.708470,0.367543
-0.510582,-0.539613
-0.130660,0.292074
-0.951680,-0.331382
0.079815,-0.295777
-0.804795,0.152761
-0.358194,-0.776372
-0.261827,0.206430
-0.789549,-0.628073
0.094177,-0.297701
-0.800794,-0.153113
-0.130102,-0.813435
-0.293594,0.088194
-0.587059,-0.791822
0.213301,-0.226283
-0.732261,-0.300556
0.139174,-0.791634
-0.330812,0.019137
-0.288807,-0.952501
0.271047,-0.128742
-0.560659,-0.554554
0.375012,-0.742449
-0.299442,-0.073399
0.009700,-1.015205
0.305718,-0.115528
-0.372466,-0.693357
0.557933,-0.553370
-0.289810,-0.167205
0.293797,-0.977202
0.323865,0.026834
-0.157025,-0.819835
0.741094,-0.334332
-0.166096,-0.256582
0.578966,-0.786614
0.269971,0.078271
0.120083,-0.783365
0.767489,-0.105438
-0.111740,-0.233775
0.824807,-0.588375
0.248157,0.219941
0.374986,-0.733410
0.757591,0.169990
-0.034182,-0.321047
0.960318,-0.262846
0.150110,0.258954
0.548844,-0.564080
0.709068,0.387777
0.060717,-0.321665
1.000985,0.005293
0.091063,0.254192
0.726313,-0.382149
0.488582,0.658236
0.213876,-0.304929
0.935814,0.317277
0.010162,0.338827
0.780539,-0.155051
0.373349,0.736671
0.288080,-0.172074
0.806577,0.571960
-0.144735,0.305635
0.779479,0.134588
0.087056,0.787457
0.340226,-0.078773
0.580647,0.820541
-0.187651,0.231155
0.739556,0.337644
-0.137701,0.757388
0.327151,-0.024620
0.300649,0.929338
-0.262781,0.151801
0.573675,0.545246
-0.409571,0.677862
0.287470,0.042083
0.009319,1.028501
-0.311015,0.077094
0.347860,0.688257
-0.576211,0.509936
0.208812,0.172799
-0.304732,0.915291
-0.308339,-0.041990
0.171279,0.814828
-0.736168,0.339135
0.183119,0.215119
-0.565809,0.793037
-0.288889,-0.089913
-0.084948,0.793437
-0.878533,0.113637
0.139703,0.298775
-0.799362,0.570640
-0.235442,-0.212415
-0.352085,0.705648
-0.792332,-0.193380
0.018445,0.318648
-0.955265,0.357502
-0.159661,-0.283504
-0.544638,0.601347
-0.730841,-0.419174
-0.108227,0.279526
-1.041178,-0.002262
-0.062035,-0.326370
-0.719667,0.391684
-0.584689,-0.589296
-0.199600,0.243962
-0.945082,-0.334260
0.004632,-0.375609
-0.751450,0.128536
-0.339036,-0.706424
-0.241239,0.233041
-0.828245,-0.615206
0.116682,-0.306090
-0.790809,-0.098214
-0.132054,-0.827736
-0.270624,0.104022
-0.599727,-0.835993
0.229762,-0.213713
-0.750471,-0.344681
0.137371,-0.788429
-0.283118,0.054794
-0.294220,-0.959984
0.316888,-0.139990
-0.575145,-0.542129
0.373968,-0.698030
-0.303582,-0.039365
-0.026927,-1.000029
0.283445,-0.069171
-0.362300,-0.714074
0.616564,-0.559241
-0.255092,-0.152516
0.300621,-0.930860
0.307516,-0.005480
-0.158820,-0.779561
0.746849,-0.362080
-0.191907,-0.262065
0.560825,-0.828102
0.235467,0.105271
0.092546,-0.816712
0.808549,-0.103174
-0.115609,-0.293343
0.863877,-0.562342
0.239030,0.193495
0.343406,-0.750285
0.769769,0.151150
-0.071803,-0.337559
0.948173,-0.316072
0.182249,0.246490
0.538953,-0.542488
0.688455,0.390896
0.065700,-0.353721
1.024152,0.014021
0.041934,0.350097
0.699598,-0.364197
0.557105,0.575069
0.194331,-0.276133
0.960972,0.298299
-0.018303,0.300643
0.788539,-0.171985
0.343348,0.703336
0.233713,-0.154585
0.834617,0.550956
-0.122438,0.290340
0.868026,0.100791
0.097851,0.804816
0.265487,-0.129140
0.597550,0.784841
-0.166894,0.220697
0.697300,0.351607
-0.114951,0.795216
0.305889,-0.009414
0.290575,0.985501
-0.267476,0.147370
0.560242,0.568349
-0.401578,0.738366
0.296323,0.103777
-0.036795,0.935775
-0.262207,0.069335
0.415597,0.698448
-0.585488,0.575734
0.264272,0.171775
-0.285238,0.948862
-0.328644,-0.026349
0.136864,0.799396
-0.721977,0.356669
0.192276,0.279955
-0.610135,0.815766
-0.277567,-0.118674
-0.069907,0.788487
-0.811553,0.105047
0.143397,0.314696
-0.841926,0.549727
-0.232459,-0.157637
-0.365044,0.745930
-0.834779,-0.159949
0.018517,0.278920
-0.960294,0.300568
-0.160470,-0.285326
-0.563948,0.587524
-0.674091,-0.391436
-0.104123,0.286012
-1.026772,-0.000726
-0.060545,-0.332742
-0.754417,0.371759
-0.529064,-0.587968
-0.154139,0.256142
-0.952451,-0.272245
-0.008976,-0.247097
-0.816720,0.137636
-0.367984,-0.694142
-0.256245,0.184534
-0.820644,-0.592852
0.150653,-0.316425
-0.805009,-0.100292
-0.083088,-0.844443
-0.301761,0.122802
-0.577239,-0.802277
0.200680,-0.251124
-0.802962,-0.347081
0.141487,-0.805970
-0.317303,0.024505
-0.302070,-0.940815
0.238085,-0.124269
-0.604801,-0.564129
0.364460,-0.725216
-0.292484,-0.068809
0.027323,-0.952308
0.308370,-0.125521
-0.391097,-0.738108
0.601872,-0.561610
-0.273882,-0.159570
0.335982,-0.929248
0.302791,0.037120
-0.176355,-0.793232
0.750130,-0.367138
-0.157840,-0.272217
0.593794,-0.867825
0.326618,0.098075
0.098295,-0.766024
0.814545,-0.080189
-0.098589,-0.267352
0.803423,-0.608086
0.250924,0.218737
0.357929,-0.765038
0.791212,0.154797
0.027410,-0.323505
0.943728,-0.304359
0.159375,0.224274
0.558561,-0.591643
0.712464,0.346574
0.110972,-0.323276
1.006522,0.008235
0.105680,0.318721
0.684198,-0.385207
0.575718,0.627618
0.158233,-0.255417
0.963101,0.307586
-0.025396,0.285899
0.801122,-0.135241
0.391417,0.707918
0.248503,-0.220690
0.792968,0.617339
-0.127225,0.296697
0.813626,0.058791
0.099571,0.805009
0.271033,-0.115099
0.601443,0.821045
-0.206322,0.237587
0.730004,0.312489
-0.155162,0.796929
0.333432,0.015580
0.294498,1.000734
-0.274989,0.197248
0.597828,0.555027
-0.405221,0.684581
0.304812,0.038273
0.003327,0.989105
-0.276638,0.102981
0.403577,0.730715
-0.568640,0.586848
0.260155,0.150419
-0.321241,0.951703
-0.319794,-0.012957
0.167503,0.812709
-0.689012,0.326664
0.197973,0.225201
-0.592897,0.808662
-0.283523,-0.102318
-0.137227,0.791583
-0.761777,0.088083
0.125273,0.276212
-0.807879,0.591819
-0.257331,-0.188652
-0.352564,0.787407
-0.759596,-0.170133
0.035465,0.288896
-0.924552,0.315386
-0.149361,-0.275286
-0.580189,0.587445
-0.694839,-0.388286
-0.079783,0.308901
-0.995340,0.018100
-0.091883,-0.278526
-0.675829,0.364472
-0.540497,-0.559527
-0.185237,0.249292
-0.951343,-0.305129
0.018583,-0.339470
-0.801079,0.138342
-0.362464,-0.716618
-0.251987,0.194102
-0.802688,-0.569656
0.145908,-0.307952
-0.792729,-0.104590
-0.100808,-0.789147
-0.246528,0.115471
-0.578514,-0.795855
0.184101,-0.217918
-0.725274,-0.317480
0.158599,-0.812018
-0.301556,0.019403
-0.329273,-0.964177
0.267756,-0.178945
-0.594263,-0.544539
0.387730,-0.671856
-0.301434,-0.092480
-0.007719,-1.013412
0.331053,-0.046015
-0.381393,-0.701952
0.632995,-0.505792
-0.289631,-0.201983
0.304978,-0.926638
0.304788,0.015478
-0.143018,-0.767324
0.748158,-0.315964
-0.222184,-0.218384
0.540810,-0.819851
0.271266,0.142601
0.091279,-0.801527
0.805556,-0.113654
-0.075482,-0.288324
0.837107,-0.597594
0.230468,0.197309
0.362451,-0.715666
0.804777,0.159378
-0.002578,-0.309685
0.946615,-0.321612
0.196070,0.242990
0.527559,-0.623747
0.699643,0.387225
0.117971,-0.313878
1.000659,0.008287
0.097787,0.323406
0.711184,-0.374944
0.518325,0.565641
0.175427,-0.288644
0.960277,0.257978
-0.016173,0.308076
0.788778,-0.169476
0.348901,0.764295
0.257782,-0.199263
0.800666,0.555971
-0.145401,0.258682
0.811902,0.102824
0.110311,0.810188
0.304483,-0.064031
0.573479,0.835038
-0.164026,0.250536
0.760904,0.320490
-0.148208,0.770589
0.278858,-0.000215
0.299970,0.941324
-0.282235,0.173403
0.616281,0.531975
-0.396641,0.684895
0.305091,0.067293
0.001681,0.992593
-0.302735,0.074865
0.360374,0.754669
-0.601050,0.544456
0.252367,0.184834
-0.321346,0.947401
-0.303525,-0.040294
0.130434,0.815412
-0.726996,0.352473
0.191004,0.240993
-0.554025,0.826691
-0.335213,-0.109622
-0.126136,0.773576
-0.779006,0.080451
0.074863,0.309666
-0.807864,0.600111
-0.239463,-0.179392
-0.353727,0.717935
-0.826250,-0.171805
0.005538,0.352687
-0.915509,0.310549
-0.145856,-0.261084
-0.528956,0.629027
-0.722136,-0.350329
-0.067590,0.305536
-1.012089,0.048408
-0.097391,-0.328770
-0.713994,0.408376
-0.536161,-0.576019
-0.160217,0.264102
-0.915506,-0.304181
0.028359,-0.265323
-0.780251,0.107503
-0.353725,-0.716940
-0.250713,0.167260
-0.829294,-0.614228
0.125262,-0.270882
-0.757799,-0.035917
-0.147357,-0.797586
-0.266382,0.135993
-0.597208,-0.823724
0.201269,-0.228193
-0.715256,-0.329560
0.127614,-0.816507
-0.335645,0.044778
-0.316725,-0.911664
0.260686,-0.151734
-0.580628,-0.556569
0.381431,-0.714224
-0.299651,-0.119330
-0.015622,-0.972315
0.243931,-0.051223
-0.375055,-0.686736
0.623217,-0.556681
-0.255338,-0.171132
0.300218,-0.899731
0.324465,-0.017718
-0.135432,-0.798619
0.719800,-0.330998
-0.190309,-0.224738
0.579119,-0.834750
0.233940,0.122940
0.118233,-0.809563
0.779923,-0.054222
-0.109405,-0.268951
0.817290,-0.570147
0.302107,0.181015
0.362327,-0.711980
0.836950,0.179141
-0.034480,-0.351125
0.954927,-0.290181
0.150143,0.281753
0.553675,-0.595618
0.672672,0.414510
0.119677,-0.310968
1.008974,-0.009992
0.095208,0.297920
0.737791,-0.388291
0.554146,0.591139
0.162799,-0.289314
0.922985,0.284234
-0.053366,0.315236
0.792057,-0.184474
0.366121,0.731376
0.231217,-0.250602
0.788484,0.573474
-0.128483,0.275349
0.791474,0.108268
0.123164,0.822888
0.312120,-0.099252
0.588560,0.858808
-0.153740,0.227176
0.737032,0.338930
-0.180349,0.808476
0.337693,-0.031298
0.328114,0.972239
-0.276722,0.136094
0.596833,0.528781
-0.378695,0.687568
0.319572,0.073962
-0.006447,0.995318
-0.301867,0.096847
0.413778,0.691512
-0.607083,0.591716
0.243956,0.165129
-0.299691,0.946410
-0.285117,-0.024305
0.103109,0.781209
-0.731302,0.363278
0.143338,0.265227
-0.612126,0.815370
-0.287999,-0.139383
-0.091274,0.823442
-0.832860,0.073347
0.122741,0.233179
-0.791150,0.522574
-0.239616,-0.178645
-0.333098,0.718751
-0.814220,-0.117449
0.004223,0.339435
-0.965864,0.331912
-0.179803,-0.269589
-0.557038,0.615883
-0.727265,-0.342832
-0.073207,0.335666
-1.022453,0.051422
-0.098679,-0.308800
-0.728681,0.392030
-0.538759,-0.581157
-0.154157,0.268387
-0.927474,-0.315024
-0.003105,-0.329599
-0.781555,0.151797
-0.302813,-0.747663
-0.242742,0.158291
-0.813467,-0.559557
0.160000,-0.301223
-0.770265,-0.148039
-0.063466,-0.820601
-0.249426,0.078225
-0.593174,-0.816708
0.236090,-0.249413
-0.767579,-0.377776
0.160538,-0.803636
-0.302636,0.050560
-0.268837,-0.954366
0.266297,-0.162189
-0.597327,-0.570036
0.352908,-0.687568
-0.287139,-0.079756
0.018583,-1.021421
0.302808,-0.121809
-0.340034,-0.725417
0.573608,-0.573248
-0.288758,-0.172520
0.282761,-0.932617
0.308653,0.016315
-0.163513,-0.763747
0.725262,-0.363203
-0.226438,-0.221516
0.613606,-0.793775
0.296154,0.057956
0.076175,-0.809604
0.812908,-0.085513
-0.105440,-0.297435
0.841005,-0.584629
0.225259,0.159218
0.361424,-0.736594
0.793358,0.186038
-0.011669,-0.301769
0.963907,-0.319673
0.202601,0.288515
0.607956,-0.576929
0.736768,0.377824
0.031163,-0.285404
1.013920,0.016864
0.074599,0.328121
0.707770,-0.391207
0.570939,0.566565
0.180250,-0.285850
0.931387,0.321664
-0.014010,0.292849
0.798266,-0.132553
0.333139,0.720203
0.230210,-0.216779
0.757905,0.609517
-0.107514,0.269492
0.822470,0.133903
0.111569,0.815383
0.309343,-0.101724
0.567333,0.788221
-0.208955,0.227638
0.723764,0.375293
-0.137233,0.794280
0.309059,-0.012314
0.325763,0.955158
-0.276379,0.127996
0.566385,0.578488
-0.387515,0.719008
0.309079,0.071328
0.007948,1.021653
-0.293629,0.058184
0.408166,0.717953
-0.565643,0.506583
0.216596,0.180281
-0.309365,0.955396
-0.275902,-0.027838
0.153513,0.731537
-0.715800,0.391595
0.149482,0.260447
-0.590574,0.848954
-0.306522,-0.119191
-0.101515,0.805933
-0.820385,0.097957
0.152269,0.275837
-0.822893,0.628088
-0.275619,-0.177670
-0.305471,0.687369
-0.795933,-0.165190
0.001596,0.330349
-0.988712,0.314847
-0.132030,-0.284501
-0.564605,0.579776
-0.726746,-0.431426
-0.057344,0.294725
-1.002775,-0.019634
-0.075759,-0.297932
-0.691904,0.394297
-0.556007,-0.584759
-0.122778,0.255830
-0.916287,-0.306397
-0.030368,-0.324445
-0.761879,0.188727
-0.342041,-0.741652
-0.236464,0.241584
-0.797123,-0.570816
0.124962,-0.308019
-0.797616,-0.104431
-0.072867,-0.842118
-0.238368,0.115308
-0.560496,-0.851351
0.189643,-0.270324
-0.720661,-0.367803
0.148025,-0.769181
-0.303438,0.038708
-0.286826,-0.955527
0.268859,-0.147878
-0.605389,-0.522999
0.382798,-0.691707
-0.305390,-0.103896
-0.001926,-1.033807
0.294669,-0.082334
-0.414498,-0.713573
0.572753,-0.570556
-0.272441,-0.167509
0.276442,-0.956967
0.318449,0.003608
-0.130774,-0.789234
0.678787,-0.294192
-0.239754,-0.228753
0.599932,-0.792284
0.280413,0.101448
0.112059,-0.771789
0.778608,-0.148353
-0.144827,-0.270501
0.795495,-0.579777
0.252280,0.191883
0.322515,-0.732741
0.849144,0.150193
-0.009438,-0.324451
0.922172,-0.315040
0.163565,0.283872
0.563563,-0.589876
0.705618,0.396858
0.041177,-0.304361
1.036105,0.031827
0.099619,0.310427
0.728013,-0.370854
0.551882,0.579834
0.218636,-0.273262
0.941785,0.296682
-0.040292,0.338704
0.802993,-0.096823
0.343237,0.734484
0.241307,-0.200730
0.841690,0.576764
-0.077700,0.249179
0.789312,0.100900
0.103271,0.793711
0.300503,-0.130835
0.598728,0.823182
-0.166705,0.268348
0.716281,0.358323
-0.146589,0.751606
0.325761,0.032078
0.334219,0.949054
-0.254256,0.169841
0.584463,0.561033
-0.401976,0.703098
0.317874,0.084106
0.019301,0.963712
-0.311284,0.054365
0.375580,0.733912
-0.626352,0.544916
0.285847,0.166761
-0.297284,0.945861
-0.310290,-0.043870
0.138910,0.768667
-0.722793,0.316408
0.145166,0.232075
-0.589921,0.814702
-0.244678,-0.099398
-0.128480,0.841760
-0.857794,0.147519
0.142648,0.305373
-0.805453,0.582289
-0.229461,-0.188483
-0.378667,0.750837
-0.814655,-0.140793
0.023721,0.281002
-0.942071,0.315400
-0.164634,-0.247062
-0.591036,0.586771
-0.718132,-0.396493
-0.093437,0.295756
-0.982912,-0.004368
-0.092605,-0.242189
-0.751618,0.386459
-0.563101,-0.623366
-0.137894,0.232833
-0.923168,-0.321217
-0.037760,-0.320952
-0.789760,0.171275
-0.389663,-0.741513
-0.246841,0.193909
-0.793220,-0.569545
0.129415,-0.268688
-0.803351,-0.091447
-0.080503,-0.773501
-0.298346,0.171822
-0.591277,-0.768966
0.176576,-0.259741
-0.720275,-0.385409
0.163077,-0.818596
-0.368865,0.038073
-0.325136,-0.951107
0.255880,-0.159776
-0.613678,-0.526075
0.347616,-0.744136
-0.329760,-0.078962
0.037583,-1.017765
0.288106,-0.044308
-0.392267,-0.699057
0.560517,-0.555934
-0.250846,-0.176025
0.310612,-0.988898
0.304891,0.016783
-0.154663,-0.785798
0.724116,-0.369350
-0.171561,-0.226326
0.638868,-0.807726
0.238244,0.117471
0.078048,-0.743162
0.792459,-0.121111
-0.116893,-0.290382
0.779782,-0.588701
0.240454,0.223202
0.308502,-0.731394
0.788087,0.140592
-0.004718,-0.311789
0.952512,-0.304718
0.169352,0.249890
0.589078,-0.566481
0.695736,0.389647
0.065991,-0.271114
0.992090,0.038535
0.093152,0.288737
0.732950,-0.433570
0.542391,0.600385
0.176561,-0.208452
0.957256,0.290109
0.030861,0.298519
0.776247,-0.170126
0.351456,0.722245
0.241552,-0.177524
0.799304,0.580097
-0.116565,0.317091
0.812409,0.113665
0.096054,0.794549
0.248025,-0.111834
0.616560,0.818241
-0.166885,0.250494
0.758984,0.369370
-0.163078,0.778827
0.331624,-0.019114
0.295163,0.972435
-0.228899,0.189177
0.595843,0.615098
-0.419120,0.710252
0.328830,0.066125
0.026910,0.998305
-0.310149,0.097362
0.364213,0.714255
-0.615298,0.591809
0.290007,0.158666
-0.318856,0.936360
-0.329084,-0.020025
0.179728,0.823516
-0.701209,0.323076
0.196318,0.284153
-0.572235,0.785205
-0.297992,-0.144013
-0.103761,0.771171
-0.827012,0.083615
0.093753,0.287360
-0.875179,0.605851
-0.271870,-0.207647
-0.386975,0.747599
-0.766601,-0.175940
0.011567,0.267964
-0.946301,0.297030
-0.146972,-0.273871
-0.518037,0.572222
-0.729054,-0.347358
-0.048451,0.339658
-0.979796,0.013159
-0.064605,-0.303637
-0.707092,0.389715
-0.545549,-0.568411
-0.207237,0.295274
-0.961771,-0.292512
0.016657,-0.293846
-0.816484,0.168685
-0.336694,-0.732950
-0.224485,0.175153
-0.828201,-0.577473
0.108746,-0.266585
-0.798738,-0.104838
-0.097460,-0.751615
-0.298607,0.150634
-0.612442,-0.806093
0.245054,-0.231784
-0.706091,-0.342880
0.152514,-0.793708
-0.298448,0.012293
-0.298813,-0.942623
0.300825,-0.207261
-0.588566,-0.556501
0.392929,-0.668522
-0.303194,-0.080803
0.011363,-1.053153
0.296196,-0.082593
-0.389996,-0.701046
0.592876,-0.575786
-0.244402,-0.188682
0.325480,-0.962281
0.278305,0.009426
-0.165484,-0.826198
0.735444,-0.372770
-0.166489,-0.262586
0.658078,-0.818697
0.311727,0.100239
0.083911,-0.823738
0.812027,-0.118553
-0.085266,-0.255715
0.803335,-0.593818
0.242498,0.212463
0.333279,-0.727769
0.784144,0.105055
0.022512,-0.318759
0.959558,-0.324602
0.146784,0.269658
0.554124,-0.569918
0.680697,0.357881
0.066928,-0.313555
1.002616,0.005295
0.082968,0.304170
0.739555,-0.416433
0.537690,0.615327
0.159488,-0.252454
0.921259,0.293627
-0.052343,0.308643
0.828951,-0.191928
0.346234,0.716496
0.259466,-0.184787
0.802116,0.568606
-0.129833,0.292957
0.762616,0.080021
0.130324,0.799492
0.271231,-0.156323
0.556574,0.844944
-0.202413,0.233149
0.738119,0.357990
-0.181888,0.830096
0.304817,0.005716
0.310835,0.972986
-0.301290,0.149591
0.570738,0.555947
-0.369463,0.743237
0.309745,0.084964
-0.029045,0.978796
-0.306623,0.064313
0.411140,0.738412
-0.580714,0.532063
0.231937,0.174910
-0.283554,0.924787
-0.291818,-0.020413
0.111898,0.794476
-0.759366,0.335661
0.214689,0.242480
-0.605204,0.787583
-0.271374,-0.142523
-0.096984,0.795096
-0.816587,0.080041
0.129673,0.304300
-0.802968,0.590853
-0.232410,-0.187221
-0.374512,0.715325
-0.776123,-0.161276
0.041621,0.301652
-0.954355,0.323689
-0.174534,-0.249097
-0.571149,0.566227
-0.676036,-0.347504
-0.023648,0.338200
-0.988959,-0.004033
-0.087396,-0.361193
-0.705564,0.392780
-0.584518,-0.573015
-0.149274,0.277948
-0.948744,-0.309661
-0.004877,-0.263588
-0.790334,0.180640
-0.339717,-0.774252
-0.204798,0.178403
-0.811917,-0.559901
0.122554,-0.316132
-0.845633,-0.101981
-0.091066,-0.786650
-0.264732,0.128751
-0.566698,-0.790879
0.189967,-0.259575
-0.761892,-0.348192
0.152597,-0.759476
-0.326140,-0.026053
-0.348802,-0.964260
0.244820,-0.147492
-0.594289,-0.549658
0.378908,-0.733092
-0.328996,-0.049842
0.002253,-1.020168
0.292399,-0.061065
-0.401020,-0.716042
0.577302,-0.593484
-0.287037,-0.195339
0.280158,-0.991774
0.311586,-0.006019
-0.135587,-0.796830
0.763765,-0.371280
-0.197058,-0.245271
0.595105,-0.789645
0.324534,0.123541
0.096117,-0.827071
0.789395,-0.161457
-0.145710,-0.340135
0.799603,-0.588397
0.231372,0.197027
0.361408,-0.738324
0.796022,0.173184
0.041370,-0.322153
0.982896,-0.301577
0.171986,0.236218
0.542712,-0.637106
0.703936,0.405893
0.086434,-0.273254
1.032502,-0.019684
0.100893,0.281310
0.694149,-0.420273
0.567110,0.584620
0.188226,-0.251378
1.007517,0.329264
-0.039245,0.286659
0.811453,-0.159055
0.355005,0.683256
0.213459,-0.188934
0.806781,0.597863
-0.120050,0.279418
0.788477,0.127620
0.133012,0.818176
0.320746,-0.168090
0.576792,0.837834
-0.191010,0.225543
0.711340,0.333020
-0.139432,0.794686
0.285235,0.004231
0.264776,0.972543
-0.254873,0.148202
0.576339,0.532183
-0.394996,0.713634
0.305295,0.083269
-0.030057,0.998666
-0.251112,0.114172
0.398351,0.724507
-0.576974,0.550578
0.289064,0.175771
-0.287821,0.935957
-0.271502,-0.015136
0.114405,0.828890
-0.759160,0.392020
0.206043,0.259508
-0.573449,0.781429
-0.260613,-0.097211
-0.108855,0.792901
-0.813439,0.090370
0.107509,0.312671
-0.809256,0.579489
-0.210039,-0.233566
-0.344450,0.742442
-0.743956,-0.190600
0.017957,0.293678
-0.949485,0.296839
-0.121032,-0.298162
-0.560988,0.570257
-0.706741,-0.392654
-0.036424,0.326034
-0.986699,-0.016781
-0.074189,-0.311226
-0.711687,0.391345
-0.558466,-0.612571
-0.170469,0.252745
-0.948595,-0.318436
0.003361,-0.276500
-0.767373,0.165681
-0.317234,-0.724007
-0.241018,0.186046
-0.820924,-0.575146
0.087821,-0.275767
-0.806087,-0.103844
-0.091707,-0.792187
-0.273714,0.133673
-0.583174,-0.766472
0.192671,-0.262691
-0.724593,-0.345933
0.175259,-0.788766
-0.291812,0.054903
-0.295762,-0.924575
0.256107,-0.183955
-0.571731,-0.578943
0.408334,-0.741593
-0.289740,-0.070822
0.001382,-1.029096
0.338802,-0.103207
-0.374221,-0.725134
0.586229,-0.541588
-0.240011,-0.181670
0.317690,-0.946403
0.301889,0.014273
-0.163326,-0.810574
0.731366,-0.349402
-0.228679,-0.242875
0.589784,-0.794581
0.297078,0.121486
0.072441,-0.828908
0.795104,-0.123973
-0.126893,-0.267922
0.824345,-0.574087
0.261646,0.149904
0.349953,-0.718083
0.771045,0.139503
-0.042657,-0.327953
0.965328,-0.289690
0.173799,0.268225
0.547958,-0.573416
0.703623,0.395433
0.085066,-0.296804
0.976376,-0.009880
0.090332,0.272068
0.700771,-0.402626
0.573352,0.620137
0.172954,-0.299298
0.942381,0.285264
-0.039846,0.292451
0.795109,-0.168922
0.361473,0.696514
0.215217,-0.139564
0.797253,0.603763
-0.072116,0.252615
0.801364,0.089210
0.108918,0.807112
0.286555,-0.121195
0.601749,0.803731
-0.219373,0.273075
0.746962,0.346938
-0.140689,0.764728
0.298761,-0.020319
0.282499,0.970236
-0.296329,0.167363
0.602407,0.586740
-0.357000,0.722776
0.285371,0.052845
0.004946,0.987850
-0.299753,0.061740
0.398936,0.710114
-0.578888,0.518752
0.215620,0.144824
-0.330331,0.979285
-0.291650,0.001581
0.177942,0.826972
-0.736731,0.302072
0.208202,0.225854
-0.589303,0.798775
-0.277348,-0.136533
-0.102651,0.822491
-0.823131,0.048440
0.123829,0.309642
-0.832723,0.550089
-0.233080,-0.149428
-0.320616,0.726498
-0.808586,-0.147481
0.025797,0.299627
-0.979050,0.290872
-0.182687,-0.275451
-0.551331,0.533349
-0.703933,-0.411606
-0.063741,0.282211
-1.014739,0.007340
-0.052755,-0.296995
-0.706024,0.387463
-0.554118,-0.598408
-0.182404,0.244792
-0.969564,-0.282171
-0.025857,-0.269048
-0.770920,0.118005
-0.348672,-0.733098
-0.262336,0.174655
-0.787021,-0.569309
0.144985,-0.281893
-0.815995,-0.064366
-0.140051,-0.826118
-0.281191,0.119299
-0.545257,-0.820182
0.199072,-0.233464
-0.725212,-0.344778
0.175842,-0.821195
-0.351428,0.032860
-0.310526,-0.934872
0.258982,-0.146739
-0.567295,-0.558508
0.403460,-0.655481
-0.295620,-0.067798
0.048705,-1.015943
0.289953,-0.065590
-0.386148,-0.721931
0.573555,-0.553119
-0.224313,-0.159442
0.322705,-0.965620
0.316821,0.014875
-0.145172,-0.815603
0.698154,-0.328823
-0.218168,-0.243133
0.605650,-0.845339
0.278311,0.150284
0.087491,-0.809078
0.779670,-0.074007
-0.097837,-0.303110
0.818205,-0.608864
0.224628,0.223014
0.321652,-0.707310
0.784714,0.186225
0.012055,-0.319869
0.936708,-0.310435
0.147524,0.279856
0.546427,-0.597894
0.697388,0.429991
0.041435,-0.263841
1.034999,0.005060
0.087947,0.264356
0.715333,-0.396314
0.552420,0.572682
0.178415,-0.280268
0.961117,0.339449
-0.037717,0.307872
0.809967,-0.162112
0.371645,0.736280
0.250587,-0.212351
0.869336,0.549310
-0.122379,0.287584
0.855326,0.086380
0.100712,0.749886
0.290693,-0.114982
0.575615,0.797218
-0.206380,0.242063
0.729659,0.363159
-0.185428,0.799102
0.279623,-0.030365
0.295741,0.945851
-0.315559,0.131450
0.612527,0.589250
-0.356597,0.740078
0.273954,0.068953
-0.015128,0.993724
-0.294538,0.124979
0.379896,0.701664
-0.622200,0.559787
0.251937,0.174437
-0.286603,0.959280
-0.276358,-0.024303
0.160012,0.782627
-0.769987,0.338060
0.190170,0.195344
-0.573605,0.809021
-0.333767,-0.094717
-0.105168,0.797793
-0.807723,0.128797
0.048656,0.293004
-0.819485,0.573499
-0.272251,-0.204284
-0.358616,0.726922
-0.798025,-0.141012
0.027617,0.293077
-0.924726,0.290173
-0.155664,-0.254311
-0.609644,0.577277
-0.700430,-0.406840
-0.061199,0.299020
-1.010656,-0.030131
-0.087452,-0.303197
-0.706177,0.403239
-0.558516,-0.584472
-0.156519,0.245759
-0.975633,-0.310827
0.001405,-0.274638
-0.799276,0.147413
-0.323424,-0.707327
-0.192677,0.213225
-0.767938,-0.655715
0.066722,-0.253760
-0.781355,-0.102505
-0.078001,-0.804586
-0.291577,0.070709
-0.598898,-0.824992
0.189295,-0.243963
-0.729420,-0.338465
0.138087,-0.800596
-0.254968,0.014756
-0.323602,-0.934623
0.252342,-0.203717
-0.590724,-0.541574
0.366889,-0.712553
-0.300117,-0.094987
-0.003218,-0.955042
0.319438,-0.109126
-0.382645,-0.680718
0.629172,-0.553152
-0.234449,-0.163670
0.325076,-0.949829
0.309652,0.039781
-0.148071,-0.798066
0.773443,-0.325583
-0.158974,-0.241246
0.633882,-0.814161
0.291326,0.131921
0.089932,-0.810650
0.802286,-0.099404
-0.116479,-0.332460
0.831642,-0.576825
0.231960,0.207504
0.369840,-0.770640
0.774337,0.107478
-0.004687,-0.318407
0.965857,-0.328071
0.136851,0.271605
0.548285,-0.550981
0.711987,0.388623
0.097536,-0.315321
0.956461,0.034795
0.067019,0.265463
0.716062,-0.400346
0.591357,0.568180
0.142805,-0.266387
0.974573,0.324059
-0.021283,0.320535
0.805339,-0.145570
0.327430,0.729874
0.266409,-0.226099
0.845552,0.576160
-0.110430,0.370856
0.755006,0.069534
0.122052,0.777557
0.298538,-0.162619
0.592248,0.788311
-0.208670,0.231564
0.724640,0.359466
-0.141813,0.766901
0.323848,-0.030481
0.267207,0.957015
-0.279144,0.161378
0.571061,0.523395
-0.422067,0.736993
0.297161,0.126081
0.012316,1.031686
-0.290660,0.076391
0.400557,0.727055
-0.565836,0.526049
0.246490,0.230356
-0.303051,0.976595
-0.304486,-0.031936
0.141360,0.801631
-0.723692,0.354395
0.212839,0.213691
-0.653761,0.804909
-0.283213,-0.069186
-0.059689,0.807222
-0.770989,0.126781
0.110180,0.260214
-0.784080,0.591253
-0.255628,-0.178739
-0.352504,0.755177
-0.805911,-0.113256
0.032896,0.311195
-0.958663,0.327993
-0.167275,-0.274260
-0.562737,0.578871
-0.692904,-0.385891
-0.088788,0.311024
-0.998799,0.040206
-0.099901,-0.292747
-0.721212,0.367427
-0.550721,-0.621964
-0.169130,0.286154
-0.953190,-0.292339
-0.015607,-0.318525
-0.789944,0.145153
-0.355110,-0.711768
-0.202751,0.236517
-0.796994,-0.612005
0.134473,-0.264449
-0.784256,-0.101532
-0.103252,-0.819423
-0.268263,0.098759
-0.594444,-0.814877
0.213357,-0.240451
-0.735037,-0.325160
0.182285,-0.824973
-0.302215,-0.010855
-0.325265,-0.913161
0.260895,-0.145074
-0.632452,-0.565673
0.384567,-0.726708
-0.351668,-0.058437
0.004559,-0.961317
0.313516,-0.062884
-0.357093,-0.685382
0.579912,-0.566366
-0.244142,-0.182974
0.336183,-0.949589
0.295440,0.038475
-0.152703,-0.796352
0.718943,-0.345360
-0.168233,-0.201586
0.619542,-0.820524
0.281246,0.116991
0.099743,-0.751217
0.835913,-0.078227
-0.092581,-0.300195
0.784851,-0.554135
0.233099,0.176225
0.365434,-0.719129
0.801492,0.131539
-0.027762,-0.329427
0.976619,-0.284138
0.195825,0.223314
0.596453,-0.595873
0.719846,0.411693
0.105769,-0.279626
0.979844,-0.054325
0.088415,0.279928
0.709484,-0.369479
0.555035,0.578705
0.141436,-0.254801
0.951936,0.295950
-0.034597,0.333659
0.792422,-0.168529
0.305131,0.743393
0.241450,-0.200337
0.782078,0.597417
-0.150054,0.280088
0.805430,0.076852
0.096674,0.837650
0.251548,-0.112420
0.559860,0.835819
-0.186868,0.275581
0.756628,0.335651
-0.166997,0.797511
0.288297,-0.033096
0.297115,0.907239
-0.263521,0.196760
0.590316,0.551964
-0.377611,0.710292
0.268365,0.056720
0.033316,0.981500
-0.276721,0.077646
0.408331,0.686989
-0.601450,0.506320
0.233342,0.174468
-0.337897,0.956486
-0.330772,0.002249
0.083173,0.770438
-0.693154,0.302020
0.169670,0.222808
-0.635482,0.810456
-0.328892,-0.108265
-0.111499,0.765039
-0.816508,0.085739
0.130511,0.269465
-0.843691,0.572533
-0.256988,-0.163754
-0.347118,0.745914
-0.780302,-0.163927
0.033227,0.333492
-0.986081,0.347770
-0.179789,-0.243864
-0.551709,0.579587
-0.725134,-0.411959
-0.068013,0.318671
-1.020603,-0.018779
-0.081208,-0.279238
-0.696071,0.359333
-0.588808,-0.559170
-0.189970,0.241117
-0.945279,-0.330964
-0.005716,-0.298808
-0.784572,0.178363
-0.382407,-0.748984
-0.204071,0.228578
-0.767527,-0.562926
0.117141,-0.257392
-0.808386,-0.100028
-0.114770,-0.770052
-0.283757,0.106968
-0.610985,-0.799424
0.167875,-0.224561
-0.763205,-0.372256
0.131452,-0.813570
-0.283265,0.009765
-0.320053,-0.988333
0.252187,-0.185595
-0.577222,-0.530905
0.370491,-0.710314
-0.283533,-0.113667
0.002159,-0.993363
0.290323,-0.079902
-0.386827,-0.699806
0.563083,-0.594999
-0.291241,-0.150177
0.281300,-1.003636
0.299587,0.059965
-0.188063,-0.803556
0.762542,-0.385653
-0.169316,-0.237085
0.556838,-0.796035
0.256955,0.092095
0.133582,-0.785060
0.827831,-0.087614
-0.114107,-0.298730
0.816726,-0.632323
0.268129,0.202658
0.327839,-0.764544
0.778920,0.155040
-0.019133,-0.349589
0.959063,-0.315411
0.180810,0.230499
0.575424,-0.597427
0.697054,0.422648
0.037088,-0.301204
1.003291,-0.040844
0.041366,0.292919
0.652924,-0.416149
0.525827,0.580630
0.185644,-0.267494
0.934159,0.328508
-0.012759,0.291579
0.763745,-0.131983
0.380338,0.714852
0.198180,-0.185413
0.778337,0.609973
-0.129215,0.278908
0.801358,0.159196
0.097308,0.803705
0.319107,-0.117635
0.576419,0.824475
-0.204431,0.243778
0.739418,0.333104
-0.138827,0.774111
0.278134,0.004124
0.335726,0.934374
-0.256084,0.157314
0.573732,0.599427
-0.421342,0.722556
0.293446,0.102187
0.030796,1.001043
-0.319965,0.073139
0.397677,0.694869
-0.577964,0.541845
0.259872,0.155478
-0.299099,0.962113
-0.336064,-0.013721
0.145182,0.790113
-0.746012,0.323337
0.198173,0.224444
-0.576375,0.835871
-0.318095,-0.132398
-0.104193,0.791465
-0.772468,0.072762
0.159437,0.232568
-0.830181,0.559911
-0.230691,-0.198917
-0.329021,0.755413
-0.780183,-0.114130
0.028669,0.271097
-0.974371,0.331857
-0.207941,-0.272355
-0.557283,0.605261
-0.665619,-0.423715
-0.045177,0.285510
-0.995445,0.015378
-0.055712,-0.295824
-0.678309,0.412959
-0.536520,-0.626424
-0.131035,0.257364
-0.965922,-0.305823
0.022104,-0.339544
-0.806561,0.145917
-0.347239,-0.699130
-0.219525,0.208460
-0.817983,-0.555556
0.126672,-0.263957
-0.785383,-0.094001
-0.097222,-0.784852
-0.270638,0.101003
-0.548383,-0.894325
0.212462,-0.223611
-0.734010,-0.318823
0.154759,-0.789471
-0.278943,0.074092
-0.297793,-0.958471
0.217506,-0.144953
-0.583159,-0.550585
0.406944,-0.724694
-0.290593,-0.053657
0.006702,-1.014028
0.271209,-0.089528
-0.395612,-0.679987
0.609238,-0.532890
-0.253853,-0.176072
0.279049,-0.939277
0.305823,0.039269
-0.159909,-0.822167
0.752840,-0.364628
-0.238624,-0.266669
0.603095,-0.790546
0.301766,0.143873
0.086446,-0.782024
0.766361,-0.138215
-0.129331,-0.292417
0.789963,-0.588597
0.249794,0.219761
0.337717,-0.745309
0.805752,0.147945
-0.011975,-0.306912
0.934802,-0.277292
0.185964,0.274252
0.586602,-0.561106
0.701213,0.379650
0.102559,-0.303870
1.042922,0.013531
0.119921,0.282984
0.731011,-0.405608
0.574424,0.563896
0.169763,-0.307328
0.920424,0.283301
-0.012599,0.287525
0.791516,-0.187175
0.343826,0.729977
0.239711,-0.172232
0.799656,0.586179
-0.120853,0.297583
0.808353,0.104853
0.128124,0.749331
0.256878,-0.118841
0.561738,0.812682
-0.168395,0.220008
0.762433,0.361260
-0.172563,0.806842
0.332562,-0.054814
0.294422,0.899229
-0.305587,0.175092
0.592162,0.532025
-0.348754,0.693676
0.315093,0.050818
-0.003250,1.035803
-0.271307,0.105894
0.361978,0.748782
-0.620060,0.572337
0.273846,0.168588
-0.356221,0.973648
-0.306669,-0.042184
0.167943,0.797287
-0.744820,0.351736
0.197504,0.215124
-0.539963,0.840079
-0.307365,-0.114251
-0.084673,0.832301
-0.839086,0.079409
0.072662,0.262469
-0.838511,0.608009
-0.251909,-0.237357
-0.336619,0.757702
-0.791868,-0.167244
0.036892,0.356507
-0.936211,0.334702
-0.210400,-0.241384
-0.575361,0.636441
-0.708227,-0.384668
-0.060595,0.298849
-1.010165,0.046598
-0.119402,-0.303151
-0.690594,0.391284
-0.593660,-0.583568
-0.181194,0.257889
-0.936870,-0.299995
0.050042,-0.318149
-0.759508,0.139905
-0.309744,-0.764983
-0.261444,0.174550
-0.782131,-0.595831
0.150113,-0.294946
-0.809690,-0.133146
-0.104964,-0.790109
-0.291570,0.107714
-0.616413,-0.814659
0.246178,-0.236179
-0.732795,-0.392072
0.173722,-0.769844
-0.277189,0.043397
-0.312747,-0.917326
0.237291,-0.134143
-0.588784,-0.571868
0.374436,-0.728387
-0.325209,-0.066632
0.029852,-1.016769
0.290478,-0.040721
-0.425167,-0.712751
0.578064,-0.546637
-0.241548,-0.167028
0.288680,-0.920320
0.303075,0.000438
-0.134174,-0.767297
0.720218,-0.311863
-0.197798,-0.193028
0.572042,-0.794149
0.299544,0.118601
0.116037,-0.810674
0.779581,-0.130316
-0.105557,-0.265626
0.803559,-0.604797
0.294227,0.218285
0.351923,-0.751924
0.802811,0.179734
-0.030527,-0.320101
0.951263,-0.332214
0.173203,0.240260
0.546694,-0.536621
0.700546,0.384522
0.088144,-0.292403
0.993081,-0.003567
0.075256,0.318764
0.670636,-0.403059
0.521445,0.594280
0.209857,-0.257413
0.937857,0.353184
0.005247,0.307727
0.759989,-0.149216
0.304726,0.728049
0.205327,-0.210583
0.803964,0.542684
-0.101048,0.279231
0.787293,0.100640
0.132813,0.833602
0.288423,-0.121886
0.593080,0.817249
-0.224109,0.229823
0.745346,0.343651
-0.156686,0.779803
0.335406,-0.004283
0.322881,0.931198
-0.276415,0.177546
0.571804,0.569727
-0.357999,0.701987
0.310694,0.097155
0.010800,0.963325
-0.288758,0.061388
0.364744,0.721384
-0.559907,0.589877
0.266231,0.194971
-0.308912,0.943756
-0.301776,-0.027457
0.143320,0.821944
-0.729131,0.364879
0.200373,0.258455
-0.596273,0.819204
-0.263372,-0.075711
-0.084368,0.807623
-0.802988,0.090430
0.114369,0.320305
-0.804919,0.603614
-0.257878,-0.196216
-0.339047,0.728528
-0.777396,-0.130818
-0.002345,0.315392
-0.928247,0.289743
-0.163545,-0.299528
-0.572171,0.527282
-0.748271,-0.400781
-0.107916,0.344816
-1.045655,0.007154
-0.071635,-0.333454
-0.738472,0.393149
-0.555519,-0.583565
-0.176050,0.261052
-0.974923,-0.303601
0.057442,-0.281948
-0.825607,0.189168
-0.350001,-0.716531
-0.248362,0.192300
-0.843205,-0.616322
0.113720,-0.300797
-0.822263,-0.141454
-0.138385,-0.803888
-0.241668,0.124753
-0.542882,-0.834827
0.186375,-0.198718
-0.730725,-0.337409
0.126486,-0.795676
-0.322499,0.043882
-0.324027,-0.915926
0.235187,-0.162182
-0.600242,-0.553314
0.398156,-0.691608
-0.322121,-0.021929
-0.006180,-1.042938
0.287842,-0.081714
-0.425174,-0.679178
0.577351,-0.560666
-0.247633,-0.170795
0.340132,-0.961977
0.285126,0.027684
-0.146304,-0.796860
0.700402,-0.355985
-0.204662,-0.230125
0.550936,-0.803751
0.291679,0.077145
0.124321,-0.792497
0.756128,-0.098539
-0.117461,-0.266186
0.827537,-0.600149
0.230466,0.169984
0.369108,-0.731210
0.802853,0.084225
-0.031042,-0.323391
0.921133,-0.336519
0.156734,0.239298
0.576880,-0.549556
0.701588,0.403574
0.039067,-0.299615
0.970993,0.006403
0.120590,0.316873
0.720813,-0.390611
0.559055,0.619299
0.162030,-0.295634
0.900369,0.295552
-0.020033,0.316894
0.829208,-0.168858
0.339375,0.752465
0.242464,-0.208258
0.791160,0.582347
-0.092445,0.255553
0.790257,0.116038
0.099261,0.846548
0.337927,-0.091488
0.616620,0.820654
-0.215541,0.243411
0.722877,0.359868
-0.149042,0.761806
0.340611,-0.031264
0.306526,0.965468
-0.282091,0.176439
0.550687,0.619467
-0.393881,0.703643
0.275668,0.094680
0.006003,0.999850
-0.315990,0.089738
0.366791,0.730047
-0.597976,0.548598
0.276250,0.149437
-0.323640,0.961387
-0.312931,-0.063473
0.135409,0.737132
-0.769811,0.366546
0.166181,0.232377
-0.603896,0.804868
-0.250399,-0.089278
-0.050834,0.831428
-0.753294,0.138197
0.109656,0.282516
-0.829060,0.601890
-0.227699,-0.189642
-0.359871,0.695190
-0.823425,-0.092730
0.034163,0.291158
-0.970583,0.294118
-0.196012,-0.274117
-0.580782,0.581279
-0.707059,-0.420195
-0.073202,0.272027
-1.015903,-0.008526
-0.074829,-0.258990
-0.696963,0.352055
-0.534343,-0.572886
-0.179701,0.268842
-0.940171,-0.299109
0.052486,-0.298260
-0.792854,0.177465
-0.362791,-0.758230
-0.194985,0.259295
-0.830921,-0.603220
0.103615,-0.284882
-0.811747,-0.098917
-0.101521,-0.813245
-0.288387,0.114338
-0.578852,-0.802569
0.179028,-0.206756
-0.706876,-0.367376
0.154674,-0.757414
-0.310394,0.038479
-0.335663,-0.958601
0.239684,-0.128367
-0.574442,-0.607463
0.388601,-0.703080
-0.293283,-0.073593
0.044215,-1.033648
0.331245,-0.081160
-0.347317,-0.730204
0.606849,-0.551142
-0.280891,-0.174172
0.304873,-0.933053
0.353333,0.031580
-0.181005,-0.842908
0.762442,-0.331282
-0.185725,-0.237793
0.587776,-0.818878
0.309661,0.090486
0.088695,-0.781502
0.789453,-0.106737
-0.132362,-0.281409
0.839341,-0.560832
0.206989,0.226995
0.332440,-0.739250
0.778957,0.157138
-0.057008,-0.310785
0.961460,-0.321274
0.190011,0.270923
0.570282,-0.614733
0.693726,0.413375
0.080540,-0.310541
1.001183,-0.022661
0.091211,0.315234
0.690351,-0.386536
0.572368,0.584531
0.166124,-0.277670
0.961569,0.308120
-0.006051,0.327602
0.783450,-0.168734
0.367129,0.730709
0.260047,-0.200244
0.805439,0.551272
-0.141882,0.300578
0.776314,0.117135
0.076166,0.808131
0.333553,-0.125040
0.587616,0.830233
-0.183112,0.254343
0.732456,0.354475
-0.132165,0.789812
0.297819,-0.008350
0.342480,0.975042
-0.261013,0.147921
0.593579,0.559108
-0.391064,0.728860
0.294054,0.064487
0.009004,1.037035
-0.296814,0.047473
0.405661,0.726754
-0.624904,0.567233
0.280249,0.153610
-0.313644,0.980836
-0.320376,-0.015007
0.153989,0.817118
-0.741820,0.346683
0.183727,0.227607
-0.578959,0.796322
-0.319368,-0.097175
-0.127649,0.825863
-0.788301,0.116461
0.132210,0.299086
-0.779395,0.548624
-0.251721,-0.171672
-0.378654,0.750777
-0.764106,-0.184616
0.040780,0.283459
-0.936703,0.308670
-0.180938,-0.307158
-0.493428,0.602997
-0.709764,-0.368304
-0.043236,0.292239
-1.010067,0.022182
-0.066492,-0.333077
-0.696284,0.384009
-0.584090,-0.583302
-0.177514,0.281892
-0.955605,-0.274781
0.047489,-0.335979
-0.786918,0.131410
-0.353477,-0.702740
-0.242509,0.192274
-0.819626,-0.573516
0.127335,-0.311940
-0.781553,-0.127729
-0.120152,-0.762986
-0.303784,0.108027
-0.589798,-0.795954
0.194721,-0.234100
-0.720381,-0.339438
0.134263,-0.801669
-0.288661,0.019286
-0.306498,-0.939995
0.275934,-0.140856
-0.584961,-0.577648
0.414400,-0.727787
-0.295797,-0.051968
-0.012369,-0.996267
0.312598,-0.042577
-0.394269,-0.696289
0.588156,-0.564494
-0.279638,-0.159704
0.333882,-0.965267
0.314370,0.007411
-0.125129,-0.770660
0.699320,-0.346658
-0.191350,-0.261120
0.555992,-0.840582
0.286091,0.117330
0.073084,-0.806451
0.841761,-0.110413
-0.108460,-0.278292
0.792905,-0.595396
0.226590,0.176312
0.326124,-0.765523
0.791286,0.184961
-0.078581,-0.321821
0.945108,-0.313802
0.162733,0.292943
0.531091,-0.631204
0.683227,0.382338
0.054992,-0.254889
0.964838,0.020579
0.014303,0.256508
0.716363,-0.379059
0.565830,0.612448
0.161461,-0.265672
0.982385,0.327816
-0.003405,0.314648
0.748193,-0.156703
0.340413,0.718311
0.233653,-0.160513
0.790804,0.628718
-0.164626,0.309561
0.820846,0.098745
0.107128,0.811730
0.307694,-0.141279
0.570291,0.817061
-0.191236,0.238023
0.694036,0.335452
-0.125912,0.788902
0.309330,-0.039430
0.332202,0.950499
-0.256323,0.186006
0.589608,0.539208
-0.392885,0.702708
0.312308,0.070632
-0.015005,1.043583
-0.323138,0.051386
0.368542,0.710240
-0.597620,0.581256
0.258889,0.161261
-0.327729,0.979564
-0.293513,-0.046734
0.135764,0.804035
-0.702793,0.356780
0.164240,0.247146
-0.594314,0.766750
-0.324710,-0.110487
-0.107341,0.771278
-0.755563,0.091214
0.094936,0.276842
-0.840490,0.607249
-0.242009,-0.237157
-0.340875,0.745878
-0.807043,-0.163764
0.010100,0.244383
-0.921163,0.291831
-0.144878,-0.283138
-0.556680,0.579368
-0.681488,-0.414935
-0.074112,0.272500
-0.961294,-0.009194
-0.058010,-0.294951
-0.735413,0.414396
-0.579740,-0.569760
-0.148419,0.268227
-0.935242,-0.299135
-0.013602,-0.292104
-0.785499,0.131141
-0.352542,-0.742879
-0.245732,0.210880
-0.843631,-0.565311
0.043109,-0.271206
-0.807936,-0.114092
-0.074236,-0.741125
-0.235402,0.119578
-0.546486,-0.811155
0.249491,-0.267525
-0.773753,-0.347914
0.162745,-0.803261
-0.314039,0.035147
-0.309727,-0.948577
0.287977,-0.147546
-0.549567,-0.538634
0.391251,-0.683025
-0.257692,-0.076425
-0.015177,-0.952500
0.330857,-0.076626
-0.375605,-0.711428
0.560815,-0.576826
-0.277652,-0.100651
0.321152,-0.924068
0.305406,0.053108
-0.167921,-0.794099
0.748499,-0.338836
-0.175937,-0.259285
0.593649,-0.793434
0.285027,0.097400
0.069437,-0.819147
0.832988,-0.113487
-0.107877,-0.277234
0.796912,-0.578550
0.251814,0.198995
0.339124,-0.713286
0.775250,0.136468
-0.030954,-0.276356
0.930768,-0.348547
0.153953,0.277973
0.553002,-0.619859
0.729588,0.366220
0.058758,-0.280798
1.004671,-0.051624
0.041223,0.346927
0.703642,-0.371493
0.571945,0.621885
0.141632,-0.255514
0.936804,0.311108
-0.013042,0.282373
0.839703,-0.145009
0.329055,0.708527
0.219456,-0.177737
0.791660,0.598080
-0.086741,0.265788
0.802699,0.096652
0.070150,0.781112
0.283394,-0.107892
0.550169,0.756281
-0.217352,0.253332
0.715976,0.349907
-0.135016,0.795034
0.295128,-0.006784
0.321011,0.906721
-0.233620,0.168296
0.601497,0.580833
-0.388812,0.687859
0.280953,0.068976
-0.030776,1.020809
-0.325412,0.070663
0.420432,0.702489
-0.548426,0.552498
0.249326,0.158852
-0.283671,0.944873
-0.328785,-0.026521
0.149311,0.817826
-0.731858,0.321163
0.217380,0.264184
-0.561927,0.775383
-0.257402,-0.109558
-0.124202,0.811509
-0.771231,0.100905
0.117641,0.278201
-0.819649,0.601598
-0.210947,-0.193080
-0.350463,0.740568
-0.813808,-0.124238
0.015319,0.295056
-0.899763,0.291721
-0.148040,-0.250100
-0.534098,0.615210
-0.720848,-0.383834
-0.021708,0.324893
-1.010843,0.001121
-0.081345,-0.305308
-0.712085,0.389447
-0.568710,-0.617939
-0.182825,0.257948
-0.919924,-0.332230
-0.031670,-0.312533
-0.798693,0.173538
-0.370709,-0.726339
-0.217695,0.179375
-0.828076,-0.573845
0.110055,-0.263819
-0.805527,-0.089849
-0.080516,-0.836934
-0.276575,0.109504
-0.581389,-0.776699
0.199551,-0.256137
-0.747529,-0.350108
0.122131,-0.811737
-0.353734,-0.011259
-0.308435,-0.931664
0.247400,-0.202140
-0.601135,-0.563711
0.395964,-0.708763
-0.298515,-0.068820
-0.009425,-0.960235
0.263659,-0.063219
-0.401213,-0.696687
0.560530,-0.588827
-0.261418,-0.181703
0.326289,-0.930362
0.301295,0.021792
-0.139137,-0.789977
0.709216,-0.340488
-0.203342,-0.256156
0.599800,-0.787579
0.252407,0.129913
0.081389,-0.774991
0.810062,-0.106107
-0.114013,-0.312000
0.809606,-0.592694
0.222327,0.212432
0.354647,-0.704087
0.830975,0.113102
-0.018561,-0.316564
0.952719,-0.296645
0.170519,0.280093
0.554048,-0.627050
0.703145,0.400903
0.053619,-0.358688
0.970424,0.004861
0.095149,0.310813
0.674103,-0.419692
0.532164,0.633239
0.135225,-0.288846
0.930400,0.301323
0.007182,0.282359
0.752051,-0.140819
0.359650,0.735699
0.242393,-0.237765
0.797947,0.547831
-0.102439,0.325685
0.769859,0.108207
0.080734,0.770172
0.297860,-0.139523
0.590761,0.797184
-0.208778,0.241690
0.700748,0.392631
-0.178367,0.795667
0.323650,-0.029726
0.318338,0.938159
-0.300795,0.161706
0.564378,0.577974
-0.396542,0.710011
0.340500,0.069538
-0.011404,0.934799
-0.331905,0.056328
0.388485,0.728273
-0.551768,0.547172
0.260214,0.189502
-0.300376,0.946763
-0.304378,-0.010984
0.135810,0.774969
-0.743348,0.332292
0.193260,0.193934
-0.564150,0.795030
-0.305303,-0.097743
-0.111253,0.813553
-0.811272,0.099273
0.112814,0.309730
-0.817817,0.592838
-0.218766,-0.203239
-0.366241,0.700454
-0.797872,-0.172021
-0.030354,0.308411
-0.945488,0.279809
-0.175575,-0.266075
-0.573467,0.558098
-0.683953,-0.375293
-0.079011,0.300093
-0.961916,-0.029622
-0.102395,-0.286054
-0.718050,0.370080
-0.560536,-0.588329
-0.145153,0.270604
-0.992451,-0.334283
0.047366,-0.289068
-0.770218,0.145772
-0.339684,-0.714233
-0.283067,0.177432
-0.809826,-0.589092
0.087466,-0.317606
-0.798264,-0.072390
-0.118475,-0.811885
-0.286854,0.150188
-0.612191,-0.793284
0.217182,-0.247783
-0.729350,-0.349889
0.124539,-0.782488
-0.304578,0.025403
-0.289696,-0.937581
0.334421,-0.169838
-0.551393,-0.576774
0.395293,-0.697901
-0.276853,-0.109589
-0.009636,-0.979886
0.303478,-0.073799
-0.399353,-0.727644
0.574822,-0.523523
-0.260439,-0.194587
0.307040,-0.961804
0.319401,-0.025121
-0.128140,-0.800471
0.723157,-0.384185
-0.221849,-0.229782
0.562207,-0.799534
0.312563,0.105496
0.105555,-0.819295
0.790951,-0.103168
-0.096669,-0.341378
0.822408,-0.541596
0.200260,0.192828
0.336671,-0.705785
0.787757,0.145857
-0.040231,-0.292248
0.970115,-0.319101
0.133126,0.256514
0.575284,-0.582704
0.707535,0.380608
0.052572,-0.279796
0.987505,-0.022518
0.075934,0.310346
0.715080,-0.341515
0.587062,0.622504
0.153178,-0.272029
0.944468,0.280099
-0.012394,0.306454
0.738634,-0.104815
0.329405,0.760158
0.230771,-0.170932
0.812227,0.602887
-0.107398,0.265594
0.780028,0.122416
0.106321,0.866223
0.323269,-0.119647
0.605650,0.795434
-0.194204,0.264986
0.743988,0.322859
-0.147986,0.751982
0.290375,-0.039957
0.307607,0.977929
-0.292124,0.160371
0.580380,0.517058
-0.401544,0.703790
0.300566,0.079329
0.034747,0.978280
-0.287503,0.062152
0.404610,0.731072
-0.595486,0.573732
0.293786,0.183781
-0.342256,0.894471
-0.289348,0.001838
0.162189,0.817384
-0.753010,0.337006
0.196674,0.250603
-0.581704,0.825515
-0.252396,-0.131135
-0.092026,0.764474
-0.858112,0.125265
0.088592,0.301195
-0.806526,0.601779
-0.265624,-0.191266
-0.321192,0.707999
-0.827923,-0.127435
0.038907,0.299416
-0.951274,0.285543
-0.204517,-0.282849
-0.557290,0.552317
-0.728130,-0.372590
-0.048982,0.274016
-1.010243,-0.014127
-0.033189,-0.299885
-0.695159,0.342630
-0.560186,-0.561489
-0.151736,0.273060
-0.951081,-0.292596
-0.007158,-0.285948
-0.790753,0.129099
-0.347711,-0.721511
-0.237976,0.198202
-0.821910,-0.596791
0.072119,-0.293063
-0.826197,-0.100001
-0.091508,-0.829303
-0.256571,0.086741
-0.653738,-0.774130
0.204764,-0.260925
-0.745311,-0.334484
0.134021,-0.756352
-0.311415,0.015968
-0.324344,-0.989636
0.301937,-0.157060
-0.609579,-0.556397
0.394330,-0.712818
-0.313105,-0.096095
-0.007192,-0.982306
0.321280,-0.105368
-0.388162,-0.726731
0.594361,-0.588564
-0.292784,-0.196385
0.290362,-0.935782
0.269818,0.026901
-0.168353,-0.788090
0.689553,-0.348681
-0.179694,-0.213538
0.571678,-0.807042
0.252850,0.143307
0.130648,-0.788452
0.779810,-0.147820
-0.112102,-0.309567
0.794065,-0.606198
0.202030,0.194586
0.399522,-0.742957
0.796789,0.131951
-0.027114,-0.316501
0.909752,-0.314553
0.171603,0.246781
0.535680,-0.607415
0.630083,0.375157
0.100968,-0.285298
1.032961,-0.004880
0.084394,0.306240
0.712415,-0.393435
0.572932,0.608680
0.173819,-0.270180
0.951619,0.350816
-0.031163,0.283623
0.809147,-0.134853
0.329590,0.694552
0.264605,-0.202593
0.769558,0.590708
-0.092150,0.310154
0.805265,0.084222
0.090566,0.791021
0.334894,-0.112537
0.569278,0.795481
-0.192774,0.214296
0.788847,0.344521
-0.125635,0.814055
0.330234,0.001271
0.322744,0.978278
-0.262994,0.201352
0.592008,0.517633
-0.392658,0.681570
0.334569,0.091720
0.008955,0.975930
-0.290983,0.051093
0.341830,0.651145
-0.585153,0.512466
0.284540,0.161316
-0.292186,0.968240
-0.332690,-0.004850
0.181217,0.797791
-0.737884,0.355800
0.186789,0.205794
-0.611874,0.806393
-0.281300,-0.116472
-0.082219,0.811522
-0.820631,0.100395
0.082143,0.274333
-0.798770,0.573978
-0.244538,-0.197124
-0.351079,0.754775
-0.809673,-0.130125
0.041879,0.267069
-0.963567,0.299431
-0.171964,-0.247458
-0.584446,0.551169
-0.727145,-0.421347
-0.087322,0.299904
-1.018074,0.000965
-0.071203,-0.287179
-0.668813,0.394280
-0.496022,-0.535331
-0.179239,0.262933
-0.966781,-0.239186
0.068200,-0.345770
-0.808265,0.156747
-0.362673,-0.700932
-0.228707,0.173984
-0.804469,-0.615508
0.131816,-0.254407
-0.821669,-0.142249
-0.084747,-0.798955
-0.258959,0.131251
-0.600372,-0.812205
0.198586,-0.254255
-0.689644,-0.361548
0.104746,-0.795942
-0.290717,0.020263
-0.337210,-0.954277
0.274562,-0.143184
-0.598190,-0.544239
0.402922,-0.721478
-0.302299,-0.059427
0.007836,-1.030584
0.307110,-0.086640
-0.352830,-0.710493
0.590158,-0.557641
-0.249002,-0.220959
0.287528,-0.959631
0.320533,0.007293
-0.128657,-0.826104
0.738378,-0.309543
-0.208171,-0.224908
0.581379,-0.842089
0.281466,0.133230
0.080275,-0.839763
0.830650,-0.097127
-0.111388,-0.292036
0.825847,-0.601093
0.267399,0.149725
0.340675,-0.704976
0.754462,0.204698
-0.035124,-0.297223
0.971362,-0.312487
