-0.000634,0.000012
-0.000603,-0.000163
0.000300,0.000132
-0.000006,0.000151
-0.000935,-0.000239
-0.000826,-0.000133
0.000767,0.000132
0.000680,0.000365
-0.001960,-0.000308
-0.001472,-0.000594
0.001967,0.000576
0.001424,0.000643
-0.003322,-0.000670
-0.002805,-0.000983
0.004040,0.000888
0.003021,0.001464
-0.006032,-0.001441
-0.004607,-0.001822
0.007218,0.001872
0.005744,0.002417
-0.010315,-0.002364
-0.008399,-0.003469
0.013284,0.003278
0.010834,0.004643
-0.018828,-0.004370
-0.016677,-0.006388
0.027087,0.005622
0.026564,0.009747
-0.047061,-0.007621
-0.057183,-0.016779
0.122247,0.009265
0.395310,0.039163
0.548358,0.028145
0.530103,-0.006892
0.480825,-0.009980
0.494077,0.023219
0.513890,0.040237
0.483339,0.020549
0.450365,0.000947
0.472006,0.008924
0.516221,0.023761
0.527398,0.020520
0.510214,0.008440
0.499760,0.002391
0.504230,0.002492
0.510233,0.010026
0.511518,0.025884
0.503515,0.031536
0.483680,0.006805
0.469249,-0.023833
0.477992,-0.014502
0.497024,0.025893
0.498850,0.038331
0.486173,0.003266
0.486752,-0.024834
0.503996,-0.003549
0.515811,0.030255
0.512849,0.022844
0.505752,-0.014934
0.500601,-0.029491
0.493798,-0.005213
0.492875,0.022921
0.506600,0.027881
0.521797,0.015335
0.516499,0.001955
0.499018,-0.004231
0.492169,0.002869
0.497207,0.018876
0.499373,0.028483
0.497536,0.017412
0.507391,-0.009312
0.522371,-0.032703
0.519327,-0.043545
0.501672,-0.039380
0.497884,-0.024331
0.520001,-0.013205
0.540216,-0.018645
0.532889,-0.033430
0.508920,-0.031222
0.490073,-0.007381
0.482537,0.011414
0.478181,0.009819
0.475561,0.000105
0.479431,-0.002572
0.486672,-0.006600
0.496889,-0.017333
0.512164,-0.013766
0.526937,0.013048
0.526660,0.037544
0.505330,0.031085
0.485109,0.007546
0.486935,0.004990
0.502316,0.024076
0.507530,0.032111
0.495946,0.013203
0.487762,-0.009925
0.493877,-0.010791
0.502862,0.002913
0.504100,0.012469
0.500893,0.014451
0.504505,0.014498
0.513846,0.010379
0.520387,-0.006655
0.518715,-0.026706
0.503976,-0.031873
0.482177,-0.020467
0.468801,-0.004085
0.476262,0.007839
0.497122,0.016802
0.509351,0.017262
0.510050,-0.000363
0.512463,-0.024766
0.520179,-0.031610
0.521217,-0.010112
0.508987,0.018961
0.500001,0.028762
0.504929,0.018100
0.512425,0.001657
0.508548,-0.006851
0.493102,-0.006761
0.478311,-0.002963
0.469293,0.003982
0.468807,0.010555
0.482971,0.012447
0.504973,0.004157
0.516625,-0.012700
0.506687,-0.023755
0.491196,-0.019762
0.493917,-0.004432
0.507509,0.007527
0.507678,0.008891
0.490228,0.008929
0.481998,0.013606
0.498629,0.019374
0.512321,0.017969
0.498094,0.011102
0.476217,0.011768
0.484868,0.019415
0.516014,0.018928
0.521766,-0.000724
0.497409,-0.023384
0.488028,-0.019975
0.511506,0.005881
0.525377,0.023263
0.498325,0.018133
0.471016,0.013065
0.485771,0.026866
0.515324,0.035909
0.512585,0.017352
0.489670,-0.008247
0.494727,-0.006582
0.521484,0.014817
0.520547,0.014058
0.485427,-0.016145
0.459320,-0.040545
0.468865,-0.035791
0.491566,-0.015750
0.503255,-0.003671
0.506791,0.003099
0.503849,0.013495
0.492113,0.020276
0.481520,0.015128
0.488071,0.001386
0.504253,-0.007109
0.503441,-0.006016
0.487521,-0.000283
0.482233,0.006573
0.495865,0.007277
0.508448,-0.002792
0.502967,-0.019790
0.490003,-0.029328
0.483178,-0.020262
0.483617,-0.003537
0.489592,0.005390
0.497660,0.004454
0.504092,0.003816
0.505529,0.009846
0.507843,0.013847
0.516415,0.010423
0.519671,0.000963
0.509203,-0.012181
0.495432,-0.024786
0.496813,-0.030893
0.513282,-0.022078
0.523769,-0.003751
0.519143,0.006502
0.508575,0.001783
0.505888,-0.010382
0.514779,-0.015373
0.522345,-0.008942
0.515323,0.002870
0.493096,0.013320
0.475793,0.014390
0.485271,0.007562
0.511907,0.002110
0.526578,0.005170
0.514379,0.013808
0.493363,0.016689
0.488404,0.013802
0.498049,0.011941
0.508752,0.011197
0.513305,0.006422
0.515400,-0.005972
0.519997,-0.017423
0.524380,-0.020195
0.526666,-0.014603
0.522189,-0.003382
0.508728,0.006319
0.495294,0.010190
0.493945,0.007694
0.508716,0.005167
0.524969,0.012738
0.529562,0.027542
0.529647,0.036949
0.536053,0.027198
0.544151,0.000441
0.534515,-0.019399
0.507313,-0.013174
0.490796,0.012889
0.498857,0.027851
0.511877,0.013740
0.503516,-0.008734
0.483776,-0.013074
0.484333,-0.000048
0.505107,0.007304
0.518730,0.003720
0.511285,0.008365
0.500835,0.023027
0.504642,0.025853
0.510918,0.005020
0.506481,-0.019337
0.495278,-0.022236
0.489568,-0.012487
0.493852,-0.009035
0.502529,-0.009157
0.511505,0.001642
0.511801,0.017724
0.498527,0.011571
0.485911,-0.019720
0.492641,-0.043827
0.517689,-0.032530
0.534573,0.005138
0.527618,0.032125
0.511561,0.028539
0.501057,0.004000
0.493111,-0.018540
0.478851,-0.020343
0.467194,-0.003137
0.472743,0.018083
0.487603,0.026755
0.495195,0.021464
0.493025,0.016539
0.494662,0.016722
0.506950,0.016104
0.517522,0.008813
0.518238,-0.001054
0.511191,-0.005125
0.502054,-0.003923
0.493493,0.003141
0.484863,0.014167
0.480809,0.018002
0.482686,0.006175
0.488647,-0.014729
0.499664,-0.023640
0.512057,-0.016156
0.517782,-0.010146
0.508606,-0.015598
0.493229,-0.024555
0.491857,-0.024781
0.505100,-0.019307
0.513873,-0.017502
0.505543,-0.019072
0.496754,-0.020592
0.508831,-0.014608
0.527964,0.002762
0.526114,0.021374
0.501486,0.022626
0.483267,0.001779
0.489786,-0.012777
0.503113,0.000736
0.505952,0.020974
0.503402,0.015817
0.505607,-0.008021
0.506825,-0.011239
0.497396,0.012574
0.489974,0.026529
0.497162,0.012252
0.508735,-0.006445
0.509808,-0.001310
0.505941,0.016958
0.516266,0.021511
0.533599,0.009650
0.531745,-0.004747
0.507183,-0.007677
0.483084,0.004499
0.477180,0.025379
0.476599,0.038679
0.468010,0.027733
0.464445,0.003924
0.479006,-0.006456
0.502198,0.000352
0.512943,0.003122
0.511058,-0.011478
0.511404,-0.024369
0.510819,-0.017663
0.499756,-0.001732
0.486374,0.007126
0.490708,0.006930
0.509259,0.007814
0.512014,0.010760
0.493466,0.012182
0.480263,0.014352
0.489756,0.011743
0.505001,-0.003764
0.502297,-0.025683
0.489166,-0.030221
0.482352,-0.006538
0.482060,0.018224
0.482551,0.016601
0.485356,-0.003571
0.495483,-0.013017
0.504624,-0.001285
0.506156,0.009385
0.508818,0.002650
0.517270,-0.013714
0.523643,-0.024103
0.518682,-0.024670
0.509544,-0.027014
0.507371,-0.034350
0.504707,-0.037191
0.493830,-0.026635
0.482352,-0.007348
0.485448,0.000833
0.501499,-0.009109
0.508724,-0.022102
0.497830,-0.019402
0.480143,-0.001105
0.472398,0.010662
0.479027,0.005882
0.489165,-0.003983
0.494494,-0.005640
0.492908,-0.000581
0.489650,-0.001471
0.493038,-0.006703
0.500812,-0.004607
0.505552,0.009790
0.503083,0.030086
0.502307,0.041637
0.514027,0.037208
0.531289,0.018766
0.541441,-0.002029
0.537130,-0.009673
0.518813,-0.006141
0.490680,-0.005450
0.461737,-0.015178
0.452281,-0.024549
0.467995,-0.020095
0.489843,-0.010980
0.500559,-0.010017
0.501996,-0.013482
0.502919,-0.009419
0.495035,0.002171
0.477333,0.007667
0.473315,0.007263
0.491669,0.008665
0.505509,0.007352
0.490384,-0.003731
0.469827,-0.018178
0.478470,-0.018901
0.500464,-0.008733
0.503100,-0.004663
0.493800,-0.005185
0.502510,0.001799
0.521103,0.013540
0.512895,0.011942
0.484513,-0.001312
0.476195,-0.002228
0.494691,0.011297
0.505666,0.018782
0.490683,0.013019
0.475061,0.010803
0.477240,0.018776
0.484216,0.016221
0.483480,-0.000652
0.479422,-0.007672
0.480090,0.003754
0.481971,0.009140
0.486844,-0.008229
0.502542,-0.019656
0.518625,0.000078
0.517570,0.026187
0.500290,0.022317
0.489681,-0.005184
0.499896,-0.018166
0.516985,-0.010597
0.526782,-0.012188
0.527768,-0.030381
0.523006,-0.037929
0.513851,-0.013175
0.504293,0.023211
0.506726,0.034666
0.519553,0.015442
0.525809,-0.011987
0.519394,-0.021550
0.514478,-0.009646
0.526510,0.007704
0.540351,0.014294
0.529758,0.003012
0.499754,-0.015346
0.482065,-0.025247
0.495960,-0.021878
0.520128,-0.012312
0.524633,-0.010664
0.509888,-0.017568
0.494157,-0.021497
0.488234,-0.011568
0.484895,0.010759
0.480306,0.026449
0.482430,0.021052
0.494099,-0.001890
0.511340,-0.023111
0.523990,-0.023782
0.524319,-0.007415
0.513870,0.009422
0.499966,0.012005
0.493860,0.001044
0.495425,-0.006945
0.496728,-0.000044
0.496329,0.019078
0.495349,0.029372
0.493393,0.014022
0.486945,-0.012513
0.483163,-0.021723
0.493586,-0.005342
0.508731,0.009586
0.510397,0.000378
0.496411,-0.015904
0.485232,-0.013609
0.486935,0.005728
0.487751,0.018746
0.482916,0.016463
0.485252,0.011844
0.500994,0.009859
0.513879,0.008206
0.506207,0.006228
0.490447,0.003285
0.487493,-0.003972
0.497058,-0.014538
0.503352,-0.012819
0.497718,0.003719
0.491448,0.012371
0.493546,-0.000072
0.501342,-0.017143
0.508409,-0.014467
0.508148,0.000518
0.500845,0.003761
0.490365,-0.005785
0.485964,-0.013482
0.495635,-0.010770
0.511561,-0.003612
0.521042,0.001114
0.518681,0.001547
0.512092,-0.006071
0.507643,-0.014674
0.496551,-0.013058
0.477945,-0.003257
0.468651,0.001127
0.483452,-0.006204
0.507633,-0.010008
0.508689,-0.000127
0.487652,0.012716
0.477466,0.017863
0.494382,0.016422
0.514615,0.016973
0.511543,0.016640
0.502746,0.008899
0.514288,0.001220
0.531779,0.004562
0.519935,0.019820
0.480142,0.030311
0.459675,0.018799
0.480961,-0.009188
0.509860,-0.032350
0.508486,-0.030879
0.485011,-0.010423
0.476265,0.007136
0.488735,0.012981
0.500474,0.014124
0.504155,0.019250
0.509995,0.022320
0.520901,0.015668
0.521278,0.007470
0.507371,0.008147
0.497241,0.019028
0.498268,0.029453
0.500699,0.027392
0.497758,0.009369
0.499971,-0.020323
0.512396,-0.041479
0.516972,-0.037174
0.505957,-0.016753
0.496460,-0.005100
0.503996,-0.011116
0.514669,-0.013175
0.503175,0.001383
0.478253,0.014234
0.467479,0.009240
0.476819,-0.003956
0.487280,-0.004425
0.487012,0.007855
0.491308,0.019808
0.507909,0.026380
0.518439,0.021004
0.506613,0.001786
0.484485,-0.014174
0.482440,-0.002157
0.503340,0.028332
0.519504,0.029499
0.512563,-0.010801
0.494351,-0.043668
0.488609,-0.029145
0.492796,0.006087
0.487893,0.012939
0.475000,0.000900
0.474066,0.008523
0.494295,0.028442
0.513753,0.022100
0.510912,-0.010259
0.495286,-0.022739
0.486766,-0.002982
0.490110,0.007221
0.492963,-0.013161
0.491833,-0.031018
0.495554,-0.011822
0.501780,0.021260
0.501317,0.024193
0.492186,0.000086
0.486815,-0.014117
0.495956,-0.000657
0.511642,0.018672
0.521617,0.020452
0.520691,0.010105
0.516184,0.001718
0.519660,-0.000869
0.529780,-0.005146
0.535624,-0.012270
0.525856,-0.009855
0.506030,0.004279
0.494809,0.014815
0.496450,0.003838
0.499499,-0.019725
0.491689,-0.024799
0.478042,-0.006137
0.472599,0.009184
0.475138,0.001003
0.478627,-0.013612
0.480297,-0.008772
0.486919,0.005775
0.503250,0.008733
0.518449,0.001831
0.522392,0.000669
0.515867,0.005627
0.509931,0.002121
0.510710,-0.006989
0.507783,-0.010262
0.495572,-0.009208
0.484147,-0.009222
0.488064,-0.007827
0.503334,-0.000282
0.506632,0.003014
0.492266,-0.005949
0.479133,-0.011162
0.484050,-0.000148
0.497763,0.015476
0.497290,0.015477
0.484448,0.002405
0.480828,-0.003793
0.496867,-0.001616
0.518379,-0.002827
0.524119,-0.011575
0.516437,-0.019265
0.512206,-0.016534
0.521342,-0.007495
0.536068,0.001165
0.536249,0.004013
0.515616,0.000768
0.488254,-0.002047
0.476976,-0.003568
0.487263,-0.005154
0.496583,-0.004866
0.491323,0.003194
0.486553,0.016741
0.501326,0.015604
0.520641,-0.005155
0.511416,-0.021166
0.484274,-0.008693
0.483534,0.020751
0.516617,0.031397
0.536059,0.016797
0.511999,0.001763
0.487946,0.001837
0.509060,0.006634
0.545148,0.000508
0.537738,-0.009413
0.492012,-0.009314
0.471018,0.000402
0.492781,0.010034
0.511256,0.009823
0.501459,0.002560
0.493441,-0.003614
0.512810,-0.004740
0.529988,-0.003800
0.514746,-0.009540
0.492336,-0.017993
0.498365,-0.019043
0.522061,-0.015063
0.523681,-0.018387
0.499698,-0.031418
0.482563,-0.031708
0.483168,-0.005588
0.487230,0.025807
0.488123,0.032591
0.496600,0.011939
0.511261,-0.007760
0.510586,-0.008266
0.493683,0.000994
0.483383,0.006337
0.491499,0.003978
0.502325,0.000842
0.498106,0.000066
0.489974,0.000051
0.492866,-0.001087
0.501163,-0.007731
0.501796,-0.013476
0.494549,-0.005586
0.493869,0.015309
0.502191,0.028836
0.508146,0.015381
0.505198,-0.010389
0.495769,-0.020846
0.488731,-0.014127
0.486185,-0.006725
0.486690,-0.002264
0.491970,0.012836
0.502172,0.029446
0.516725,0.019292
0.527196,-0.012050
0.523973,-0.024430
0.510047,0.000779
0.499457,0.027014
0.505138,0.019057
0.514460,-0.000790
0.505160,0.004092
0.483140,0.026575
0.478078,0.028120
0.501120,0.002039
0.518049,-0.016712
0.501415,-0.011022
0.478901,0.000326
0.487558,-0.002623
0.512641,-0.010371
0.509141,-0.002348
0.484280,0.014480
0.490023,0.018203
0.526707,0.000811
0.536092,-0.021142
0.496833,-0.025862
0.468208,-0.014380
0.494312,-0.000096
0.525897,0.007122
0.504977,0.006723
0.459117,0.001479
0.454984,-0.009807
0.490638,-0.020109
0.505095,-0.019321
0.487442,-0.007604
0.483469,0.004282
0.507648,0.005159
0.517950,-0.000244
0.491081,-0.002415
0.470025,-0.000586
0.491514,-0.000242
0.528258,-0.009363
0.535139,-0.024736
0.512840,-0.034991
0.497638,-0.030404
0.497670,-0.012694
0.493641,0.000559
0.484026,0.000944
0.484856,-0.002518
0.498580,0.001559
0.503446,0.010926
0.492626,0.010749
0.487743,0.000450
0.497852,-0.006864
0.506074,-0.003536
0.498337,0.006823
0.492076,0.013837
0.507463,0.015989
0.525872,0.015378
0.519538,0.012189
0.495452,0.008070
0.488037,0.002123
0.508359,-0.003894
0.528409,-0.007586
0.529854,-0.004387
0.521289,0.010433
0.512862,0.027539
0.500255,0.032182
0.483003,0.017897
0.482687,-0.003447
0.507127,-0.012800
0.529629,-0.010450
0.523446,-0.008287
0.497533,-0.011054
0.487457,-0.009360
0.503025,0.003637
0.519899,0.014076
0.516856,0.009981
0.498767,-0.002288
0.488512,-0.009116
0.494191,-0.009343
0.504104,-0.016602
0.505612,-0.029167
0.497689,-0.030051
0.494658,-0.012935
0.503422,0.009270
0.513698,0.018835
0.511573,0.017161
0.496009,0.011622
0.486568,0.000504
0.495612,-0.015570
0.511868,-0.024959
0.515109,-0.011735
0.500072,0.016260
0.487555,0.030502
0.493259,0.017295
0.507310,-0.009180
0.510211,-0.020677
0.498098,-0.009300
0.490528,0.006850
0.496879,0.010735
0.503647,0.002560
0.498025,-0.001028
0.487448,0.005095
0.492554,0.008179
0.513188,0.002815
0.529222,-0.000868
0.528600,0.007826
0.515801,0.017624
0.502571,0.014231
0.491245,0.008483
0.483110,0.012933
0.486195,0.016872
0.499117,0.001588
0.509529,-0.020186
0.506049,-0.017124
0.495656,0.004534
0.493530,0.011777
0.498778,-0.001282
0.502785,-0.004856
0.501797,0.014259
0.499777,0.027506
0.499019,0.017449
0.497219,0.001706
0.501535,-0.002746
0.515349,-0.001488
0.527577,-0.003608
0.524909,-0.001161
0.508647,0.003860
0.496060,-0.004636
0.494081,-0.021592
0.497065,-0.024291
0.503425,-0.009311
0.512060,-0.002651
0.516892,-0.013249
0.508834,-0.014785
0.496358,0.002336
0.498721,0.013898
0.513302,0.003228
0.520341,-0.009149
0.510099,-0.000989
0.496197,0.011080
0.492512,0.005194
0.492282,-0.011612
0.490239,-0.019244
0.491641,-0.013472
0.500739,-0.006271
0.511153,-0.000207
0.513778,0.005445
0.512406,0.006828
0.508637,0.006290
0.498020,0.007902
0.484453,0.008681
0.478628,-0.002626
0.485240,-0.022226
0.492592,-0.027432
0.494017,-0.013297
0.497830,0.001193
0.504898,-0.000547
0.506267,-0.010917
0.498566,-0.013083
0.494241,-0.008052
0.500061,-0.000448
0.500736,0.011231
0.490309,0.025392
0.483755,0.031750
0.493082,0.020488
0.505818,0.001923
0.503201,-0.007909
0.494768,-0.006070
0.496672,0.000713
0.502534,0.003852
0.496911,0.003763
0.481670,0.001838
0.475473,-0.003631
0.480271,-0.011698
0.484707,-0.019484
0.488931,-0.017357
0.496699,-0.003750
0.502436,0.007400
0.497255,0.002920
0.492269,-0.012837
0.504840,-0.016232
0.522549,0.001062
0.522088,0.019058
0.504887,0.019655
0.496706,0.007347
0.507877,-0.000867
0.518870,-0.006130
0.518142,-0.019670
0.513326,-0.031405
0.512416,-0.021030
0.511819,0.009954
0.504759,0.028677
0.496260,0.014651
0.490205,-0.007824
0.485683,-0.008654
0.484035,0.008221
0.485619,0.014291
0.492787,0.004613
0.505647,0.004940
0.521071,0.022301
0.529197,0.033871
0.519022,0.020486
0.500741,-0.004866
0.492256,-0.014047
0.494886,-0.001812
0.495893,0.017987
0.490117,0.027252
0.488996,0.017770
0.493183,0.001390
0.491796,-0.002682
0.486273,0.012516
0.486935,0.028423
0.495731,0.026915
0.500341,0.017111
0.498162,0.011491
0.500170,0.007163
0.507094,-0.001075
0.512265,-0.001983
0.512067,0.012098
0.507843,0.018472
0.499973,0.002494
0.489568,-0.014023
0.489352,-0.007212
0.501757,0.008872
0.510596,0.004894
0.505162,-0.008167
0.493405,-0.002266
0.488458,0.015554
0.486594,0.017380
0.485353,-0.000200
0.496476,-0.012618
0.518026,-0.012860
0.527339,-0.013114
0.510796,-0.009811
0.492053,0.005213
0.499363,0.019445
0.519313,0.009481
0.521910,-0.016700
0.503509,-0.023246
0.488716,-0.002492
0.490882,0.019576
0.495698,0.023687
0.495553,0.019193
0.498320,0.019505
0.506765,0.016819
0.507639,0.007959
0.491264,0.004999
0.477827,0.013296
0.488068,0.021067
0.510187,0.015602
0.514711,0.005542
0.496347,-0.000249
0.486559,-0.006987
0.503012,-0.014622
0.523860,-0.013688
0.523356,-0.001180
0.507259,0.004953
0.501187,-0.006569
0.504683,-0.018012
0.497907,-0.012184
0.482995,0.005678
0.483188,0.017543
0.507838,0.016221
0.530017,0.006903
0.525174,-0.008401
0.506962,-0.021115
0.502666,-0.020503
0.516412,-0.008064
0.524423,0.004988
0.515857,0.011283
0.508785,0.017330
0.514365,0.023073
0.519861,0.019883
0.509604,0.011267
0.495886,0.006780
0.499771,0.006772
0.508998,-0.001914
0.498433,-0.020665
0.473163,-0.028520
0.468099,-0.013294
0.495215,0.013394
0.520518,0.026804
0.518428,0.016112
0.502057,-0.004258
0.493608,-0.015198
0.490416,-0.009096
0.479513,0.000770
0.472098,-0.000612
0.481521,-0.007226
0.495866,-0.006539
0.495176,0.001083
0.481448,-0.001066
0.479413,-0.018583
0.497483,-0.032451
0.517971,-0.027249
0.521192,-0.007094
0.503413,0.011181
0.483790,0.017191
0.481994,0.013319
0.498103,0.003798
0.511988,-0.001604
0.505218,0.002869
0.489607,0.008473
0.487232,0.002876
0.500293,-0.011546
0.512898,-0.012124
0.513042,0.007839
0.505969,0.023511
0.495010,0.016365
0.481368,0.001150
0.476746,0.005204
0.490354,0.020248
0.513552,0.015747
0.522947,-0.007230
0.512368,-0.018710
0.501006,-0.005361
0.502825,0.007453
0.513603,-0.002171
0.519298,-0.018440
0.516844,-0.020562
0.514121,-0.010827
0.512261,-0.005147
0.508242,-0.006184
0.500298,-0.004653
0.495437,-0.003239
0.501219,-0.007325
0.510660,-0.014485
0.515786,-0.017801
0.517212,-0.013911
0.519870,-0.007814
0.518891,-0.000621
0.504162,0.006399
0.488217,0.011494
0.490150,0.019476
0.502838,0.030282
0.500440,0.033600
0.478538,0.015195
0.467772,-0.016691
0.481223,-0.029908
0.495196,-0.013502
0.493035,0.007252
0.489276,0.005546
0.501155,-0.006668
0.512864,0.001165
0.505678,0.022261
0.492644,0.024469
0.493443,0.001752
0.506516,-0.014601
0.514762,-0.003741
0.514285,0.011472
0.512305,0.008602
0.507537,-0.001383
0.501633,0.000596
0.499391,0.011097
0.497624,0.013905
0.485711,0.011963
0.465339,0.011348
0.460521,0.001473
0.479677,-0.019613
0.499351,-0.030533
0.498381,-0.013324
0.485662,0.009715
0.486684,0.008577
0.503361,-0.002203
0.518303,0.007725
0.523320,0.030959
0.520100,0.029807
0.513289,0.001211
0.503003,-0.013935
0.491473,-0.001272
0.482261,0.008879
0.473857,-0.006160
0.471992,-0.024673
0.483943,-0.017911
0.505571,0.000683
0.520548,0.004678
0.516628,-0.004284
0.504391,-0.003888
0.497326,0.013069
0.494945,0.026376
0.490332,0.021205
0.479724,0.003710
0.470188,-0.007609
0.468402,0.000102
0.478721,0.015494
0.499314,0.017718
0.513466,-0.000820
0.508602,-0.021792
0.491944,-0.019865
0.484974,0.002093
0.496433,0.020219
0.508661,0.016852
0.509629,-0.001121
0.506914,-0.011314
0.512558,-0.004382
0.525100,0.011121
0.532786,0.017240
0.535500,0.007218
0.535847,-0.004309
0.529321,-0.004630
0.514242,0.003658
0.500374,0.007098
0.502460,0.001372
0.512909,-0.006375
0.509949,-0.017541
0.492246,-0.033116
0.482243,-0.044019
0.497194,-0.040198
0.516995,-0.025742
0.510754,-0.015868
0.483522,-0.009873
0.466987,-0.000087
0.477075,0.007785
0.490723,0.005639
0.485516,-0.001153
0.474754,0.000721
0.480518,0.003399
0.500556,-0.008812
0.512027,-0.023898
0.507237,-0.019683
0.498294,-0.001418
0.488532,0.000693
0.476916,-0.017139
0.472278,-0.020389
0.488281,0.004076
0.517140,0.026527
0.527981,0.016332
0.510096,-0.013111
0.483919,-0.025185
0.475230,-0.013463
0.487838,0.000550
0.503864,-0.001208
0.509508,-0.016237
0.501219,-0.030891
0.487910,-0.039767
0.484516,-0.041904
0.493515,-0.039422
0.507495,-0.033720
0.516695,-0.022689
0.518382,-0.010146
0.511926,-0.001170
0.494900,0.000798
0.482499,-0.003314
0.494197,-0.008563
0.523607,-0.013902
0.538220,-0.013564
0.520130,-0.003705
0.496270,0.008100
0.496570,0.009655
0.513537,-0.003761
0.520099,-0.017679
0.508108,-0.017122
0.498846,-0.002883
0.506846,0.015334
0.522148,0.025678
0.525028,0.024677
0.508268,0.014190
0.492662,-0.000787
0.498150,-0.015089
0.513097,-0.030571
0.507791,-0.042539
0.481237,-0.040528
0.476683,-0.023030
0.513871,-0.002795
0.549779,0.005814
0.538169,0.010611
0.496623,0.023139
0.481971,0.034018
0.502897,0.026923
0.518236,0.005424
0.507837,-0.004601
0.492220,0.003573
0.493131,0.006837
0.502765,-0.007405
0.511366,-0.022655
0.523473,-0.016793
0.534341,0.001252
0.531066,0.008411
0.511269,0.007162
0.491643,0.013542
0.486369,0.026993
0.490143,0.026202
0.497003,0.005666
0.503608,-0.011782
0.506230,-0.015001
0.504319,-0.016472
0.503358,-0.027413
0.513015,-0.036398
0.527053,-0.027828
0.531200,-0.009538
0.525420,0.006530
0.519062,0.018024
0.517099,0.023470
0.510258,0.020051
0.495142,0.012109
0.485182,0.014733
0.490224,0.024320
0.504168,0.020328
0.509309,0.005923
0.500505,0.005272
0.491967,0.021036
0.493070,0.019618
0.498998,-0.012337
0.497218,-0.036521
0.488762,-0.025998
0.487035,-0.007013
0.492935,-0.015343
0.497440,-0.035459
0.495342,-0.028623
0.493804,-0.004609
0.497670,-0.001460
0.497296,-0.021075
0.492188,-0.026593
0.496462,-0.003565
0.519611,0.015382
0.547482,0.010029
0.554762,0.000894
0.539115,0.009380
0.514835,0.023054
0.492548,0.017084
0.475918,0.000558
0.468136,-0.002902
0.475251,0.004208
0.488488,0.003659
0.491042,-0.005329
0.480092,-0.002462
0.467719,0.010748
0.468385,0.007556
0.478941,-0.015906
0.487158,-0.029723
0.489832,-0.010541
0.491930,0.019955
0.498828,0.026776
0.502777,0.012739
0.495970,0.003595
0.489091,0.009847
0.496467,0.014778
0.511884,0.006364
0.507944,-0.002666
0.482363,0.001410
0.473401,0.017347
0.500731,0.029682
0.530021,0.026497
0.518585,0.012746
0.485746,-0.001209
0.486708,-0.006583
0.523060,-0.003917
0.544667,0.002536
0.526612,0.011530
0.504187,0.015323
0.513440,0.006589
0.537891,-0.012133
0.545417,-0.023870
0.528489,-0.011818
0.501225,0.015272
0.479557,0.033907
0.475071,0.027866
0.496457,0.004252
0.528558,-0.012799
0.541939,-0.009461
0.528866,0.009307
0.506874,0.022954
0.496158,0.016036
0.497241,-0.003705
0.504000,-0.018524
0.512236,-0.016475
0.510137,-0.005048
0.494413,0.000428
0.481185,-0.003246
0.488663,-0.010905
0.505230,-0.013859
0.499135,-0.009583
0.473136,0.000148
0.462750,0.013916
0.483920,0.023593
0.508919,0.022837
0.507886,0.013228
0.496169,0.005466
0.501194,0.008268
0.516148,0.011517
0.513278,0.003202
0.488389,-0.014632
0.472241,-0.027407
0.482516,-0.024564
0.501800,-0.013239
0.506118,-0.001405
0.493954,0.008930
0.487908,0.017130
0.501399,0.021572
0.521927,0.018410
0.526401,0.011073
0.507439,0.003003
0.490856,-0.005172
0.500114,-0.008492
0.522174,-0.004093
0.524571,0.005677
0.500194,0.009783
0.481632,0.002531
0.490065,-0.004796
0.509624,-0.002212
0.518991,0.008114
0.517282,0.014014
0.514700,0.010830
0.508152,0.006680
0.495525,0.003249
0.488399,-0.003405
0.491028,-0.015021
0.496430,-0.024531
0.499814,-0.021639
0.508163,-0.009385
0.521769,0.002061
0.523906,0.001589
0.511563,-0.013738
0.500601,-0.030114
0.501713,-0.030795
0.506888,-0.010577
0.504602,0.012790
0.500129,0.019043
0.497541,0.012890
0.493061,0.010370
0.488878,0.016055
0.491237,0.017137
0.499300,0.008376
0.499574,0.003737
0.489739,0.008461
0.485913,0.011679
0.495595,0.002813
0.508357,-0.011165
0.507549,-0.016751
0.493365,-0.017933
0.483129,-0.020640
0.488390,-0.019191
0.505484,-0.006939
0.514127,0.008085
0.502497,0.009391
0.486759,0.001913
0.489077,0.000318
0.507234,0.000085
0.511823,-0.013322
0.492165,-0.032930
0.477933,-0.025168
0.493909,0.016148
0.525751,0.048170
0.537045,0.034634
0.518878,-0.005880
0.496161,-0.022352
0.488807,-0.002971
0.497159,0.016599
0.508250,0.010674
0.512063,-0.010955
0.507764,-0.023740
0.499508,-0.023011
0.497244,-0.018769
0.501666,-0.014476
0.504575,-0.010223
0.501923,-0.003341
0.496644,0.005400
0.497290,0.009717
0.505643,0.003262
0.517649,-0.013860
0.525486,-0.024076
0.516462,-0.012143
0.492678,0.014170
0.473637,0.032509
0.477530,0.024757
0.496245,-0.003357
0.501009,-0.030844
0.487129,-0.036608
0.479347,-0.015482
0.497245,0.008111
0.527265,0.006723
0.538793,-0.019249
0.527903,-0.040526
0.514255,-0.033816
0.511408,-0.011693
0.513645,0.002771
0.508905,0.002246
0.502216,-0.003942
0.501758,-0.004374
0.503453,-0.000128
0.496130,0.003731
0.475835,0.002418
0.459057,-0.001280
0.463360,0.003094
0.489821,0.013053
0.520663,0.014287
0.530794,0.001375
0.516043,-0.006646
0.494240,0.009480
0.487120,0.030130
0.498241,0.021832
0.510770,-0.014129
0.515573,-0.036709
0.514768,-0.017573
0.510883,0.017093
0.502322,0.027886
0.490089,0.011492
0.488478,-0.003709
0.503985,-0.001377
0.523765,0.001271
0.529412,-0.009559
0.514462,-0.024159
0.494453,-0.026547
0.487026,-0.014440
0.496128,0.000244
0.510642,0.011947
0.513557,0.017386
0.505072,0.011918
0.496729,0.001268
0.495551,-0.003481
0.498031,0.002318
0.497439,0.007291
0.499103,0.002218
0.504538,-0.004555
0.504764,-0.006974
0.494474,-0.006961
0.480753,-0.006297
0.478609,0.000781
0.488700,0.016418
0.500454,0.026524
0.506163,0.023403
0.500884,0.014562
0.487518,0.008263
0.475669,0.004234
0.478274,-0.001747
0.495547,-0.002305
0.506266,0.006411
0.498356,0.014124
0.486445,0.010537
0.494963,-0.002365
0.522246,-0.007496
0.534318,0.003774
0.513633,0.018156
0.484026,0.017044
0.484754,-0.001461
0.519315,-0.012239
0.544554,0.001142
0.528263,0.019080
0.488008,0.014073
0.467085,-0.011589
0.480138,-0.026997
0.500137,-0.022066
0.507606,-0.015495
0.510465,-0.011510
0.519845,0.004779
0.527420,0.031948
0.519667,0.037316
0.508206,0.007314
0.512082,-0.021516
0.530250,-0.018200
0.542772,0.001755
0.532886,0.005227
0.507866,-0.006203
0.484907,-0.006296
0.475445,0.006291
0.480749,0.016204
0.492791,0.020037
0.507010,0.022598
0.517527,0.018956
0.517841,0.000944
0.509228,-0.015464
0.501855,-0.011559
0.507422,0.004010
0.517875,0.011155
0.516921,0.006198
0.506635,0.003589
0.501071,0.006216
0.505979,0.005740
0.509604,0.004686
0.506070,0.008361
0.502608,0.015521
0.498818,0.019465
0.492270,0.020305
0.490334,0.022429
0.503456,0.020396
0.522144,0.012854
0.523322,0.006304
0.511580,0.003868
0.509716,0.000359
0.518769,-0.010844
0.517120,-0.021450
0.499400,-0.020774
0.492393,-0.009028
0.506903,0.005888
0.520979,0.010973
0.520631,0.001833
0.518896,-0.013886
0.528464,-0.021386
0.531755,-0.013427
0.513882,-0.003655
0.494096,-0.002892
0.492480,-0.006450
0.499263,-0.006604
0.491417,-0.007146
0.475187,-0.017915
0.476505,-0.029213
0.493799,-0.023195
0.503155,-0.001593
0.492624,0.015127
0.476851,0.009497
0.471591,-0.007660
0.473402,-0.014080
0.479287,-0.003007
0.489743,0.011276
0.501360,0.007894
0.509235,-0.009990
0.514264,-0.020222
0.522350,-0.010993
0.523060,0.004475
0.503722,0.002536
0.478443,-0.014466
0.473115,-0.025039
0.490816,-0.020392
0.503502,-0.013369
0.495693,-0.018586
0.485918,-0.024196
0.491799,-0.010589
0.509327,0.017824
0.522935,0.033426
0.526726,0.015102
0.520551,-0.020058
0.501095,-0.038256
0.479867,-0.028198
0.475046,-0.007037
0.485980,0.002900
0.492113,0.002157
0.483452,0.000734
0.481609,0.000254
0.498863,0.000553
0.513044,0.003610
0.502206,0.011361
0.479393,0.014077
0.476721,0.002915
0.492507,-0.011459
0.497198,-0.015379
0.483609,-0.008678
0.474891,-0.004071
0.489251,-0.006867
0.508991,-0.009344
0.508542,-0.010124
0.491112,-0.008928
0.478344,-0.001022
0.485009,0.013918
0.501704,0.022396
0.510999,0.007488
0.507549,-0.018089
0.497421,-0.026230
0.493989,-0.012355
0.501307,0.003092
0.511621,0.004985
0.515667,0.005128
0.508595,0.013173
0.497284,0.019244
0.488910,0.015247
0.486823,0.005459
0.490348,-0.002032
0.491046,-0.010505
0.485806,-0.021652
0.480676,-0.023284
0.487235,-0.010041
0.504715,0.009804
0.511906,0.023294
0.499398,0.024647
0.484609,0.015030
0.488811,-0.003826
0.502520,-0.018088
0.496828,-0.014774
0.477860,-0.001219
0.479240,0.002981
0.506678,-0.010504
0.523969,-0.025266
0.508145,-0.026952
0.490000,-0.019043
0.496614,-0.008928
0.504913,-0.002883
0.487934,-0.003223
0.467847,-0.009714
0.484784,-0.012431
0.521992,0.000636
0.529637,0.018961
0.506125,0.022753
0.494011,0.007419
0.510777,-0.010719
0.524291,-0.014376
0.513955,-0.006146
0.502114,0.005152
0.506053,0.012426
0.513255,0.012692
0.508271,0.010356
0.500932,0.009457
0.504090,0.010071
0.505264,0.004754
0.491653,-0.008153
0.471677,-0.017484
0.465517,-0.019223
0.480577,-0.018106
0.502238,-0.017099
0.514631,-0.010318
0.510651,0.004733
0.497507,0.012996
0.489450,0.004944
0.488400,-0.010879
0.486805,-0.020256
0.478402,-0.017828
0.471240,-0.010346
0.476947,-0.001559
0.489339,0.004030
0.496083,0.000506
0.493422,-0.009418
0.491674,-0.018044
0.499913,-0.017252
0.509428,-0.010019
0.510536,-0.005978
0.505153,-0.008098
0.506591,-0.013581
0.519660,-0.013337
0.526059,-0.006384
0.510587,-0.002582
0.480945,-0.005927
0.461911,-0.007916
0.467171,0.004804
0.484614,0.024670
0.499099,0.029265
0.503126,0.013554
0.498220,-0.005584
0.493544,-0.006214
0.495643,0.014111
0.500305,0.038183
0.489538,0.045428
0.461754,0.024870
0.447739,-0.004572
0.467600,-0.009978
0.498498,0.014480
0.501978,0.036046
0.484636,0.021884
0.488162,-0.011585
0.516396,-0.024834
0.529775,-0.009886
0.507330,0.008775
0.481621,0.010559
0.487148,0.002182
0.506103,-0.004924
0.505707,-0.007341
0.488294,-0.001994
0.481762,0.005273
0.492683,0.002138
0.498426,-0.016233
0.492668,-0.034989
0.492055,-0.037739
0.505863,-0.032634
0.518798,-0.028650
0.511583,-0.016599
0.494389,0.010408
0.489764,0.034226
0.502046,0.028679
0.512642,0.002960
0.503546,-0.014334
0.485355,-0.015754
0.481272,-0.011724
0.499028,-0.005894
0.522236,0.009139
0.526778,0.024181
0.511498,0.021959
0.492676,0.009823
0.484693,0.006631
0.489709,0.013408
0.500256,0.010856
0.513628,-0.005020
0.525172,-0.014286
0.525917,-0.011674
0.513218,-0.010457
0.497252,-0.015273
0.496333,-0.011156
0.508928,0.009698
0.513517,0.025897
0.499222,0.021022
0.479328,0.005529
0.474716,-0.002841
0.480560,-0.005550
0.480547,-0.018398
0.479450,-0.035598
0.491038,-0.035012
0.511590,-0.010614
0.519667,0.019018
0.514010,0.030271
0.513699,0.023190
0.513540,0.011599
0.492851,0.003334
0.460530,-0.001757
0.458295,-0.008888
0.494700,-0.015065
0.519798,-0.013015
0.505180,-0.000131
0.486420,0.015236
0.500038,0.015873
0.518504,0.003626
0.496337,-0.000749
0.457793,0.010731
0.462218,0.016558
0.510567,-0.005102
0.543177,-0.030432
0.524664,-0.021973
0.489792,0.009805
0.481165,0.018465
0.496034,-0.009277
0.507130,-0.028375
0.501678,-0.009344
0.492442,0.018515
0.490303,0.022045
0.494647,0.011878
0.500123,0.015159
0.501465,0.022887
0.503092,0.013600
0.509039,0.000732
0.514314,0.005282
0.510858,0.017665
0.497879,0.013399
0.488083,-0.002606
0.486222,-0.006517
0.485039,-0.002532
0.483012,-0.006147
0.484949,-0.010264
0.490979,0.000506
0.487258,0.015133
0.470675,0.007628
0.462738,-0.013333
0.478776,-0.019855
0.506951,-0.010838
0.518899,-0.003609
0.505140,-0.000701
0.482615,0.007845
0.470266,0.008394
0.479351,-0.015762
0.503567,-0.039268
0.522174,-0.028359
0.518426,0.001838
0.498777,0.002427
0.492437,-0.029092
0.508792,-0.041074
0.523082,-0.015662
0.511847,0.006591
0.482357,-0.005327
0.462994,-0.024164
0.463482,-0.012613
0.474379,0.013285
0.490567,0.019149
0.509052,0.005726
0.522668,0.000803
0.521706,0.013835
0.514172,0.023617
0.519616,0.018524
0.534431,0.007580
0.534184,0.001591
0.506050,0.001406
0.473575,-0.001094
0.469765,-0.008129
0.490304,-0.016195
0.504945,-0.017552
0.496682,-0.004421
0.482049,0.013603
0.484772,0.018763
0.502011,0.006255
0.517938,-0.005975
0.522305,0.000747
0.517132,0.014163
0.508486,0.011209
0.498413,-0.010029
0.494421,-0.027790
0.500323,-0.024638
0.510459,-0.009844
0.515576,0.002435
0.510905,0.008144
0.505218,0.008816
0.505451,0.005414
0.507195,-0.003569
0.501251,-0.010159
0.485393,-0.005024
0.476326,0.010683
0.486854,0.025648
0.506803,0.025168
0.512727,0.012182
0.495469,0.001679
0.477869,0.002574
0.480876,0.010521
0.495173,0.015004
0.498131,0.015667
0.487276,0.011111
0.486324,-0.005140
0.502209,-0.024132
0.512480,-0.023974
0.502699,0.002035
0.488683,0.023455
0.494324,0.013987
0.510293,-0.004894
0.513396,-0.002075
0.509058,0.012946
0.516976,0.006583
0.532746,-0.015950
0.526743,-0.013531
0.496851,0.017757
0.480738,0.037077
0.497893,0.020483
0.524699,-0.005694
0.528483,-0.009007
0.510709,-0.000612
0.493640,-0.004835
0.485148,-0.020409
0.484713,-0.026617
0.489468,-0.013939
0.490986,0.003510
0.481613,0.012368
0.469224,0.011363
0.475804,0.006921
0.497957,0.005920
0.507793,0.007370
0.495507,0.013036
0.479902,0.023899
0.478874,0.031934
0.483828,0.024975
0.485695,0.002581
0.491649,-0.011357
0.499374,-0.002199
0.496560,0.010985
0.484603,0.005736
0.486077,-0.009397
0.508709,-0.006111
0.525966,0.011120
0.518198,0.012101
0.496407,-0.002474
0.482260,-0.001582
0.482636,0.023993
0.490444,0.037198
0.501338,0.011366
0.506686,-0.022816
0.500650,-0.024233
0.495005,0.003629
0.504780,0.022555
0.525786,0.018146
0.532916,0.012900
0.517949,0.016635
0.503929,0.013804
0.510175,-0.003051
0.529874,-0.009299
0.537131,0.017845
0.519610,0.051653
0.492740,0.047988
0.479138,0.006368
0.488748,-0.025437
0.506090,-0.014441
0.512633,0.012341
0.510923,0.016497
0.512214,0.002105
0.516951,-0.000347
0.512129,0.014385
0.497986,0.016792
0.490632,-0.003027
0.491865,-0.018930
0.490005,-0.007759
0.480755,0.020222
0.475627,0.034532
0.480887,0.025824
0.483766,0.005108
0.480172,-0.015099
0.480752,-0.024318
0.492398,-0.016993
0.506080,0.005466
0.507516,0.024872
0.499146,0.022161
0.490683,0.003560
0.490265,-0.009979
0.501690,-0.005447
0.515663,0.004720
0.518860,-0.000394
0.506366,-0.021305
0.491827,-0.039932
0.490558,-0.035607
0.498071,-0.011014
0.506952,0.011641
0.516134,0.019867
0.520816,0.016151
0.509188,0.005749
0.482742,-0.015192
0.471095,-0.038201
0.487638,-0.033801
0.504895,0.001370
0.497707,0.026256
0.481579,0.006811
0.487123,-0.026059
0.503007,-0.015855
0.499447,0.027317
0.485359,0.043265
0.490423,0.012257
0.513613,-0.021406
0.520701,-0.022280
0.502526,-0.011435
0.487400,-0.011504
0.489916,-0.011771
0.498970,-0.002961
0.503968,-0.000226
0.510137,-0.014564
0.518258,-0.024598
0.514410,-0.014812
0.497791,-0.002543
0.482973,-0.005260
0.481995,-0.015686
0.494952,-0.015130
0.510562,-0.004540
0.517733,0.003658
0.510017,0.008473
0.499097,0.013019
0.505075,0.018920
0.520528,0.022535
0.517815,0.020014
0.488829,0.011367
0.465428,-0.003439
0.477304,-0.017203
0.506401,-0.022865
0.517555,-0.018149
0.503760,-0.004466
0.490030,0.007364
0.497308,0.007615
0.516731,-0.002920
0.529095,-0.010384
0.522107,-0.004536
0.501767,0.001798
0.486647,-0.003417
0.485741,-0.012044
0.495036,-0.009732
0.504389,0.000154
0.512414,0.000356
0.521883,-0.005046
0.524668,0.002219
0.515767,0.020740
0.501546,0.030125
0.493595,0.018965
0.493926,0.004447
0.494788,0.002470
0.499096,0.007234
0.510971,0.010287
0.522003,0.013283
0.519224,0.020493
0.501668,0.020619
0.487632,0.001679
0.488356,-0.024955
0.498743,-0.039903
0.510390,-0.036959
0.517643,-0.027306
0.518884,-0.016983
0.511149,0.000078
0.500265,0.018858
0.499978,0.026364
0.507967,0.019200
0.509042,0.009091
0.498468,0.004474
0.496877,-0.004994
0.517853,-0.021338
0.533610,-0.028440
0.515059,-0.016306
0.479861,-0.000791
0.473633,-0.006854
0.501120,-0.025788
0.515305,-0.027280
0.496349,-0.003407
0.480445,0.020204
0.499822,0.017419
0.531078,0.000244
0.530851,-0.004262
0.503616,0.006426
0.482704,0.013817
0.480539,0.006448
0.488958,-0.002940
0.506569,-0.003737
0.537522,-0.002438
0.559218,-0.003096
0.543988,0.000372
0.504675,0.014274
0.481037,0.027141
0.490368,0.023845
0.507221,0.009085
0.508899,-0.003080
0.506418,-0.004554
0.514186,-0.000709
0.524976,0.000262
0.519779,-0.002550
0.501814,-0.010489
0.495533,-0.020515
0.508955,-0.027690
0.525696,-0.026331
0.525398,-0.011501
0.511792,0.009222
0.504604,0.022963
0.506939,0.021244
0.508169,0.010587
0.502166,0.004437
0.498266,-0.000726
0.505256,-0.013151
0.514225,-0.025631
0.515416,-0.020199
0.507364,0.002382
0.495189,0.013147
0.486553,0.000200
0.486938,-0.014083
0.498622,-0.007617
0.507768,0.009402
0.499552,0.009552
0.484577,-0.005716
0.487533,-0.012427
0.516198,-0.000844
0.544249,0.015858
0.543728,0.019297
0.516410,0.010965
0.482592,0.002521
0.465595,-0.001091
0.475661,-0.003162
0.505035,-0.012052
0.528975,-0.023595
0.524730,-0.024634
0.504364,-0.009377
0.496901,0.009972
0.506936,0.010679
0.509632,-0.007923
0.490329,-0.023233
0.474685,-0.017526
0.487624,0.001803
0.512848,0.010829
0.514782,0.005452
0.487520,0.000182
0.469156,0.001648
0.487049,0.000836
0.520572,-0.010352
0.528299,-0.018959
0.498764,-0.013383
0.467826,-0.002699
0.467603,0.001582
0.488769,0.001350
0.502812,0.005447
0.500658,0.005938
0.499436,-0.007402
0.503766,-0.019517
0.500418,-0.013627
0.488641,0.000941
0.484029,0.000849
0.495880,-0.009157
0.509203,-0.002185
0.511300,0.017007
0.510327,0.018205
0.511799,-0.004463
0.509619,-0.019343
0.498765,-0.005576
0.489278,0.013874
0.489970,0.016661
0.490437,0.010672
0.484546,0.009094
0.479428,0.006840
0.481590,-0.004863
0.486700,-0.011945
0.490501,-0.002886
0.501769,0.007975
0.516741,0.005103
0.515586,-0.005115
0.495487,-0.005464
0.480835,-0.000252
0.491812,-0.003600
0.508153,-0.006507
0.501235,0.007040
0.480461,0.029861
0.475318,0.032028
0.492302,0.005377
0.504707,-0.017203
0.496502,-0.008919
0.483325,0.017056
0.479864,0.024575
0.481389,0.003077
0.475839,-0.020636
0.469396,-0.023787
0.479297,-0.009157
0.503560,0.004876
0.524349,0.008601
0.526509,0.007961
0.514087,0.007890
0.503002,0.010859
0.501270,0.013930
0.509286,0.010426
0.517361,-0.001087
0.514253,-0.016207
0.501776,-0.023775
0.494627,-0.020421
0.506824,-0.011617
0.525088,0.001234
0.523377,0.015089
0.501512,0.020348
0.483770,0.003819
0.486441,-0.027824
0.494821,-0.043748
0.494912,-0.029246
0.497540,-0.002454
0.509030,0.008459
0.513545,0.000205
0.494707,-0.008857
0.470871,-0.012533
0.475416,-0.011432
0.507096,-0.001742
0.535528,0.015508
0.537803,0.022176
0.520270,0.000353
0.502444,-0.028496
0.492645,-0.026650
0.492347,0.005195
0.496077,0.028006
0.496664,0.016275
0.492063,-0.007102
0.483755,-0.013088
0.479842,-0.005488
0.486099,-0.000058
0.502878,0.001860
0.521269,0.010004
0.524286,0.018341
0.511257,0.014163
0.498714,0.004866
0.499061,0.004090
0.505743,0.010431
0.506593,0.006365
0.506992,-0.010848
0.511346,-0.016981
0.510620,0.001995
0.501490,0.028438
0.496654,0.030595
0.506798,0.005042
0.516631,-0.015357
0.512370,-0.008983
0.508046,0.010760
0.514828,0.015217
0.518324,-0.000428
0.500662,-0.015042
0.477816,-0.019850
0.478041,-0.023280
0.495554,-0.031302
0.507849,-0.034550
0.509703,-0.023035
0.511249,-0.007503
0.511456,-0.001537
0.499431,-0.005386
0.483054,-0.009418
0.475658,-0.006740
0.476733,-0.002536
0.483646,0.001109
0.500945,0.005839
0.525826,0.010821
0.529714,0.011949
0.497635,0.002257
0.462938,-0.013966
0.464766,-0.024329
0.494739,-0.019931
0.508320,-0.003645
0.494646,0.007871
0.487875,0.004943
0.501723,-0.008583
0.508383,-0.021992
0.486726,-0.024829
0.465690,-0.016118
0.482996,-0.000175
0.520160,0.009903
0.528695,0.001195
0.498510,-0.019536
0.471585,-0.030366
0.478673,-0.014167
0.496712,0.014887
0.497256,0.025881
0.489190,0.012355
0.496123,-0.003358
0.511859,0.001074
0.509267,0.014189
0.492524,0.008321
0.487606,-0.014830
0.496488,-0.027585
0.494567,-0.012475
0.474949,0.011793
0.469599,0.019890
0.496686,0.016807
0.529893,0.020087
0.537042,0.029543
0.520781,0.025803
0.507951,0.004994
0.503010,-0.008400
0.492653,0.000220
0.481372,0.016113
0.484895,0.014576
0.504577,-0.003194
0.520305,-0.011749
0.522339,-0.003862
0.520866,0.003207
0.516162,-0.005106
0.499029,-0.017215
0.473709,-0.013384
0.464766,-0.001865
0.482327,-0.003311
0.499566,-0.019323
0.493343,-0.029318
0.474482,-0.019168
0.470562,-0.001913
0.489331,0.007356
0.513771,0.006781
0.531531,0.001656
0.536924,-0.003286
0.526274,-0.007435
0.506672,-0.007056
0.495457,-0.003651
0.503545,-0.003440
0.511909,-0.005826
0.498520,-0.008045
0.475236,-0.008234
0.470478,-0.009425
0.489496,-0.011682
0.505103,-0.009409
0.502432,-0.005035
0.500634,-0.001976
0.512269,-0.000264
0.520744,0.001944
0.505700,0.003852
0.483996,0.001349
0.490124,0.002236
0.520575,0.013734
0.539561,0.025801
0.527395,0.022934
0.505439,0.006052
0.498918,-0.000549
0.497274,0.015187
0.482319,0.035138
0.462598,0.037904
0.465085,0.020403
0.494726,-0.001927
0.522000,-0.017907
0.526967,-0.023266
0.519192,-0.014883
0.516356,-0.003834
0.517893,-0.007549
0.511958,-0.029521
0.506489,-0.048485
0.514376,-0.042401
0.526576,-0.020322
0.521632,-0.003220
0.498051,0.000682
0.483394,-0.001932
0.490115,-0.000999
0.500754,0.005900
0.500437,0.018133
0.494682,0.025335
0.494795,0.017530
0.495206,0.007024
0.490492,0.013725
0.489799,0.037980
0.495075,0.054275
0.498663,0.046825
0.498944,0.029626
0.506886,0.016591
0.520785,0.007689
0.517303,0.001049
0.493977,0.003510
0.478563,0.016355
0.489211,0.020021
0.506563,0.003323
0.504063,-0.018671
0.494775,-0.020361
0.505731,0.004263
0.532064,0.028681
0.543114,0.026789
0.524091,0.000960
0.498052,-0.021477
0.488228,-0.020506
0.490690,-0.009537
0.489922,-0.006124
0.483007,-0.007023
0.485828,-0.002715
0.502717,0.000803
0.517262,-0.008362
0.515261,-0.016059
0.502517,-0.005231
0.500247,0.009796
0.512890,0.006187
0.523256,-0.009486
0.516923,-0.008693
0.498545,0.008250
0.490695,0.016085
0.505454,0.012880
0.531470,0.014336
0.544703,0.019956
0.529564,0.013711
0.500881,0.002314
0.485036,0.009734
0.492140,0.025060
0.508250,0.016708
0.512159,-0.014023
0.503695,-0.028984
0.495696,-0.011357
0.496839,0.007301
0.503033,0.003965
0.500112,-0.005208
0.485310,0.000198
0.472490,0.013012
0.481902,0.013781
0.513481,0.004987
0.534839,-0.001732
0.521963,-0.004253
0.490982,-0.001759
0.480183,0.005673
0.499800,0.012617
0.518307,0.007181
0.513619,-0.007659
0.497156,-0.010868
0.489706,0.001987
0.494634,0.014072
0.502417,0.011072
0.510961,-0.000307
0.513651,-0.007495
0.501403,-0.012846
0.483535,-0.015324
0.481166,-0.007027
0.498149,0.008019
0.506238,0.012852
0.488402,0.000055
0.470865,-0.011000
0.485220,-0.006715
0.525640,0.000431
0.550539,-0.000131
0.535019,-0.000654
0.500418,0.007953
0.484080,0.010832
0.499519,-0.005129
0.519611,-0.019921
0.514464,-0.010998
0.492892,0.011864
0.486095,0.017881
0.504294,0.002649
0.519546,-0.006329
0.510995,0.003917
0.495291,0.020426
0.492815,0.026841
0.499867,0.022669
0.500372,0.015425
0.495505,0.005311
0.494158,-0.002833
0.488925,-0.001943
0.477723,0.005316
0.475732,0.009478
0.492546,0.003781
0.507990,-0.005380
0.495961,-0.012316
0.472899,-0.016482
0.473795,-0.013207
0.498330,-0.000894
0.510841,0.016446
0.495153,0.030736
0.483590,0.039397
0.501207,0.043367
0.525158,0.034715
0.522112,0.013355
0.496728,-0.003788
0.482831,-0.001874
0.486645,0.010417
0.486345,0.009005
0.478004,-0.005938
0.480544,-0.014583
0.503847,-0.009747
0.526620,-0.002278
0.526962,-0.004017
0.511024,-0.011556
0.497276,-0.020189
0.498844,-0.026480
0.509997,-0.020704
0.513517,-0.004324
0.497873,0.005798
0.470130,-0.003887
0.457370,-0.018580
0.471835,-0.012700
0.496104,0.005537
0.507153,0.008262
0.498843,-0.010081
0.485228,-0.024436
0.479638,-0.015526
0.488017,0.001755
0.508008,0.007892
0.522506,0.001751
0.518740,-0.005035
0.502246,-0.003156
0.491110,0.003184
0.492456,0.007456
0.494540,0.005596
0.494632,0.002301
0.501069,0.008576
0.515970,0.020266
0.527905,0.020639
0.524373,0.000615
0.512672,-0.021858
0.505959,-0.017212
0.507047,0.013625
0.509155,0.040140
0.506381,0.034042
0.506200,-0.000007
0.511779,-0.029715
0.512241,-0.034539
0.499499,-0.019685
0.485315,-0.006638
0.493132,-0.007373
0.517442,-0.011520
0.527554,-0.007356
0.513524,0.003526
0.498513,0.005257
0.504908,-0.008536
0.519040,-0.020084
0.518301,-0.013192
0.506855,0.004998
0.498444,0.009562
0.494625,-0.006486
0.487326,-0.018015
0.481800,-0.006347
0.491119,0.016878
0.507794,0.023354
0.511920,0.006094
0.494875,-0.011095
0.474336,-0.008694
0.474079,0.011229
0.489858,0.028804
0.500145,0.027466
0.496860,0.009363
0.500986,-0.012306
0.527764,-0.021200
0.549638,-0.015359
0.534315,-0.007951
0.497003,-0.007968
0.487590,-0.012305
0.516947,-0.008294
0.535259,0.004686
0.512329,0.012024
0.482447,0.005087
0.490804,-0.008062
0.524433,-0.007440
0.532419,0.008618
0.507601,0.016347
0.490336,-0.001376
0.505673,-0.029199
0.529751,-0.028943
0.525963,0.007298
0.499541,0.040276
0.485002,0.034412
0.500924,0.000709
0.528448,-0.018545
0.533678,-0.011542
0.512917,-0.004115
0.490320,-0.007926
0.484136,-0.008308
0.485194,0.001122
0.474603,-0.003512
0.461473,-0.030646
0.468823,-0.042399
0.498736,-0.013455
0.526873,0.022668
0.530280,0.016893
0.515640,-0.019623
0.500315,-0.033784
0.493044,-0.019311
0.496054,-0.015191
0.506710,-0.032071
0.518715,-0.033164
0.516442,-0.002557
0.495001,0.018376
0.475935,0.002298
0.482874,-0.020865
0.512602,-0.016406
0.530544,0.001933
0.516365,0.000437
0.494691,-0.012505
0.498226,-0.007769
0.520715,0.012767
0.520696,0.023487
0.486565,0.013187
0.459702,-0.002267
0.471029,-0.010384
0.497875,-0.011305
0.499211,-0.005223
0.478740,0.001053
0.473155,-0.000921
0.488902,-0.009059
0.503697,-0.009458
0.507006,0.001576
0.510383,0.006131
0.515538,0.001784
0.507006,0.008180
0.490348,0.027873
0.488037,0.031931
0.503438,0.002911
0.515342,-0.023943
0.510401,-0.011964
0.505252,0.018128
0.512189,0.020060
0.519143,-0.011162
0.512622,-0.031639
0.497160,-0.017199
0.492022,0.008012
0.502169,0.015458
0.514071,0.006614
0.512966,0.003970
0.497174,0.012601
0.487170,0.015137
0.499890,0.001769
0.524820,-0.016214
0.533108,-0.017739
0.512495,-0.005161
0.491988,-0.000686
0.502241,-0.008210
0.533729,-0.009032
0.548916,0.005710
0.528094,0.012129
0.496841,-0.006686
0.488749,-0.023379
0.506522,-0.010143
0.525607,0.016604
0.523850,0.019665
0.507968,0.001249
0.496070,-0.004185
0.495800,0.004992
0.501389,0.000332
0.503190,-0.023052
0.501722,-0.033100
0.497086,-0.010503
0.487260,0.018703
0.478678,0.028287
0.484723,0.023426
0.512729,0.020695
0.543784,0.022925
0.550284,0.021107
0.529524,0.016670
0.502029,0.015278
0.487641,0.017689
0.483490,0.022826
0.480751,0.021839
0.482256,0.005904
0.488781,-0.021576
0.493450,-0.038890
0.488305,-0.027783
0.480800,-0.004307
0.485418,0.003874
0.499806,-0.009645
0.512032,-0.027588
0.513601,-0.033261
0.507881,-0.027454
0.502760,-0.013865
0.499806,0.000353
0.501031,0.004726
0.504113,-0.000402
0.502472,-0.006691
0.492948,-0.010125
0.479498,-0.019584
0.475729,-0.032281
0.484616,-0.024432
0.493227,0.006127
0.490408,0.028311
0.482828,0.018916
0.490462,0.000721
0.510820,0.008507
0.517355,0.029128
0.499929,0.027419
0.482588,0.003457
0.493931,-0.009183
0.519842,0.002027
0.525941,0.009377
0.511332,-0.000468
0.504011,-0.006122
0.516514,0.006291
0.525516,0.014756
0.514929,-0.006230
0.504933,-0.034363
0.516339,-0.028280
0.540325,0.010370
0.548483,0.037567
0.533337,0.023658
0.515442,-0.005975
0.509782,-0.012570
0.511501,0.005809
0.505112,0.022419
0.491227,0.016189
0.488907,-0.005122
0.505561,-0.022041
0.525957,-0.022181
0.525866,-0.006490
0.504328,0.006879
0.484643,0.004002
0.480435,-0.009793
0.487710,-0.016724
0.496405,-0.009436
0.505597,-0.002451
0.515219,-0.002873
0.513104,-0.001035
0.494950,0.008564
0.474326,0.014374
0.471050,0.000846
0.488398,-0.021726
0.507280,-0.030290
0.512657,-0.018260
0.502670,0.001030
0.486660,0.008853
0.477588,0.003081
0.479500,-0.006324
0.488296,-0.007582
0.493049,0.004635
0.493351,0.018476
0.502481,0.021254
0.520701,0.014578
0.529646,0.013015
0.514575,0.022847
0.493331,0.026959
0.495589,0.014705
0.514577,-0.000681
0.519266,-0.001851
0.500336,0.007655
0.485541,0.007940
0.495590,-0.001617
0.509419,-0.005912
0.502722,-0.001915
0.484074,0.000688
0.481806,-0.000981
0.501506,0.005779
0.515772,0.019679
0.506909,0.020916
0.486261,0.007230
0.477187,0.000069
0.485395,0.012112
0.493657,0.019157
0.494255,-0.000481
0.496142,-0.021308
0.505381,-0.011013
0.509525,0.016469
0.495124,0.018243
0.480006,-0.006654
0.488980,-0.014387
0.512781,0.003584
0.516956,0.007280
0.489135,-0.021374
0.462480,-0.040483
0.467121,-0.013518
0.494413,0.025655
0.515690,0.028412
0.514109,0.000694
0.499787,-0.018791
0.490384,-0.020114
0.494990,-0.022976
0.505403,-0.023234
0.502093,-0.002903
0.487833,0.024920
0.486324,0.027737
0.506090,0.001405
0.520626,-0.018414
0.504136,-0.010484
0.477947,0.006520
0.476552,0.009899
0.496367,-0.000659
0.509046,-0.009149
0.507473,-0.011228
0.511423,-0.014141
0.520710,-0.018679
0.516210,-0.020653
0.500761,-0.015763
0.495423,-0.010495
0.504313,-0.012668
0.505535,-0.015338
0.494700,-0.009789
0.496440,-0.001683
0.517736,-0.010125
0.535322,-0.034047
0.530341,-0.041740
0.518525,-0.019071
0.521479,0.008020
0.527690,0.010595
0.518327,0.002192
0.500363,0.012970
0.498283,0.027205
0.515965,0.007798
0.527469,-0.038142
0.518889,-0.060131
0.502149,-0.036404
0.494271,-0.004934
0.498930,0.004716
0.510430,0.007644
0.528134,0.018274
0.541010,0.017645
0.530836,-0.010249
0.502260,-0.032866
0.486262,-0.016789
0.503693,0.014306
0.528142,0.014503
0.523774,-0.017271
0.500866,-0.035183
0.497014,-0.018727
0.521095,0.003664
0.537879,0.005841
0.523462,-0.007870
0.497807,-0.019153
0.486249,-0.022728
0.490059,-0.017279
0.494307,0.002132
0.496129,0.021450
0.503297,0.017409
0.511938,-0.009397
0.513691,-0.027346
0.505112,-0.015996
0.492837,0.001405
0.488706,0.002268
0.496197,-0.000028
0.508865,0.014623
0.510512,0.032857
0.496015,0.025251
0.482823,0.002191
0.486217,-0.003197
0.501837,0.009174
0.512121,0.009734
0.514477,-0.011246
0.518017,-0.025711
0.515959,-0.020020
0.498784,-0.015421
0.479358,-0.023468
0.487067,-0.026798
0.524196,-0.009681
0.550106,0.008197
0.535484,0.002043
0.497465,-0.015461
0.476451,-0.017603
0.488025,-0.001694
0.508977,0.008801
0.515118,0.003019
0.501779,-0.002278
0.482641,0.002988
0.473121,0.009484
0.473294,0.006787
0.476665,0.003684
0.478035,0.013959
0.479929,0.026285
0.485292,0.022173
0.486758,0.003651
0.482717,-0.008324
0.480475,-0.003230
0.487123,0.005244
0.499680,0.009133
0.507618,0.013005
0.509988,0.014895
0.507397,0.005297
0.497674,-0.013193
0.484433,-0.016996
0.477194,-0.000520
0.485155,0.009616
0.501988,-0.003575
0.513887,-0.021700
0.512249,-0.017081
0.494468,0.000588
0.474148,0.001987
0.472176,-0.010702
0.493326,-0.011548
0.511545,0.007328
0.497052,0.020435
0.466726,0.010700
0.463332,-0.002401
0.495093,0.001739
0.525100,0.016635
0.524382,0.020704
0.512373,0.012260
0.514537,0.010426
0.524576,0.018135
0.523728,0.021477
0.510490,0.013357
0.501245,0.005389
0.501711,0.007623
0.506440,0.006457
0.509861,-0.007883
0.504711,-0.021609
0.493466,-0.016145
0.488070,0.001712
0.495949,0.003499
0.505222,-0.014125
0.499016,-0.024988
0.490290,-0.012503
0.500637,0.007851
0.520634,0.009362
0.520571,-0.005968
0.496710,-0.017307
0.482513,-0.014333
0.493309,-0.001661
0.506674,0.009890
0.504108,0.016211
0.494540,0.014106
0.493720,0.002783
0.496165,-0.009482
0.495010,-0.015884
0.499403,-0.013110
0.509783,-0.005873
0.511153,-0.003929
0.494560,-0.012390
0.477378,-0.026604
0.480724,-0.027549
0.496778,-0.006946
0.507360,0.016054
0.506784,0.018029
0.503187,-0.002289
0.502080,-0.021087
0.499707,-0.022146
0.498652,-0.009366
0.502888,0.007088
0.509801,0.012938
0.511036,0.001865
0.500042,-0.013617
0.487617,-0.008133
0.489703,0.021101
0.508089,0.035791
0.524491,0.013227
0.517945,-0.016521
0.496798,-0.015124
0.484655,0.005175
0.487249,0.003857
0.488775,-0.012208
0.480704,-0.004118
0.482769,0.025019
0.505961,0.030044
0.527606,-0.003778
0.520697,-0.030081
0.491001,-0.015507
0.472881,0.011839
0.480004,0.014301
0.493755,-0.001859
0.496633,-0.002475
0.491717,0.015686
0.494462,0.024485
0.504359,0.011276
0.508083,-0.009627
0.501400,-0.016854
0.493669,-0.007896
0.499002,0.005146
0.512612,0.015659
0.515503,0.024323
0.501939,0.034861
0.487180,0.039167
0.489656,0.024900
0.500006,0.000602
0.497675,-0.010634
0.487880,0.002012
0.492353,0.015989
0.513892,0.005286
0.524725,-0.019493
0.512579,-0.029025
0.502904,-0.012535
0.511411,0.009530
0.517165,0.015686
0.496860,0.007786
0.472398,-0.004580
0.481082,-0.013410
0.510636,-0.014770
0.518961,-0.006310
0.496945,0.010593
0.480907,0.022960
0.493901,0.020965
0.511314,0.005503
0.508761,-0.011531
0.494220,-0.015775
0.486449,-0.008156
0.484295,0.003152
0.476744,0.011650
0.474124,0.017653
0.489041,0.021531
0.508936,0.015193
0.511189,0.001001
0.496887,-0.005448
0.495076,0.005210
0.513480,0.020914
0.523952,0.018641
0.508151,-0.001408
0.487464,-0.019094
0.493442,-0.020685
0.511894,-0.009512
0.505798,0.000090
0.479884,0.002533
0.474131,-0.000610
0.500867,-0.005185
0.519104,-0.004814
0.499451,0.001589
0.470967,0.012216
0.472535,0.019433
0.498875,0.015092
0.511758,0.002532
0.497278,-0.006341
0.478283,0.002367
0.474481,0.023040
0.486847,0.032422
0.502786,0.018247
0.511574,-0.009000
0.511253,-0.025229
0.505282,-0.022079
0.502835,-0.009511
0.504394,0.002867
0.504624,0.008259
0.504482,0.004177
0.507766,-0.010103
0.515563,-0.027080
0.518949,-0.033761
0.513227,-0.031371
0.504565,-0.029544
0.495662,-0.030900
0.487746,-0.025025
0.484330,-0.005158
0.492241,0.012747
0.507291,0.015780
0.508086,0.013829
0.488390,0.022299
0.469520,0.033926
0.477399,0.024732
0.506909,-0.000061
0.524354,-0.011004
0.516926,-0.000239
0.504429,0.010358
0.507303,0.006459
0.518619,0.006458
0.517852,0.018739
0.506764,0.018517
0.498852,-0.006672
0.496488,-0.029416
0.493314,-0.016693
0.487534,0.016841
0.487921,0.031119
0.495284,0.019192
0.505013,0.003740
0.517386,0.001210
0.528370,0.005820
0.530917,0.011470
0.523159,0.020655
0.516973,0.025609
0.518954,0.018166
0.512493,0.004132
0.490659,-0.001965
0.475132,0.004398
0.489057,0.009606
0.516706,0.008126
0.519642,0.008094
0.498896,0.014628
0.489682,0.019837
0.504103,0.010695
0.514311,-0.004822
0.501033,-0.007599
0.491404,0.002981
0.507652,0.005792
0.524731,-0.013223
0.509448,-0.029480
0.474364,-0.013302
0.464326,0.021465
0.486266,0.033282
0.504283,0.010044
0.500007,-0.009374
0.493257,0.003377
0.505807,0.024619
0.523413,0.020641
0.522437,-0.003579
0.506575,-0.012555
0.493547,0.003491
0.493185,0.018941
0.499826,0.015411
0.506817,-0.000764
0.511464,-0.011333
0.508699,-0.011292
0.500851,-0.007573
0.494502,-0.002835
0.493346,0.003704
0.496136,0.015627
0.499020,0.028661
0.502950,0.031721
0.503234,0.021893
0.496060,0.008335
0.491081,0.007747
0.499949,0.021948
0.519666,0.036117
0.527071,0.038160
0.511043,0.024396
0.492804,0.002628
0.495222,-0.014910
0.513540,-0.016407
0.520205,-0.001163
0.508691,0.008456
0.504083,-0.005252
0.517632,-0.030217
0.527741,-0.036017
0.511236,-0.013738
0.485453,0.009834
0.484575,0.014992
0.502086,0.009695
0.505147,0.007036
0.487406,0.005103
0.479003,-0.005140
0.495593,-0.016876
0.512169,-0.020190
0.511448,-0.015362
0.506515,-0.002648
0.509351,0.013531
0.508801,0.018427
0.497372,-0.002525
0.497194,-0.030358
0.518592,-0.023292
0.532193,0.015111
0.511052,0.031844
0.473812,-0.001584
0.463631,-0.041756
0.483170,-0.035059
0.498133,0.000206
0.493840,0.012236
0.487766,-0.005677
0.494645,-0.015035
0.498155,0.003785
0.485295,0.025617
0.477456,0.029694
0.498010,0.021214
0.534530,0.011152
0.546315,0.002517
0.521375,-0.007342
0.494621,-0.014916
0.497469,-0.016970
0.521884,-0.012831
0.533823,-0.003794
0.520039,-0.000540
0.499090,-0.006061
0.490014,-0.006998
0.497721,0.008047
0.512175,0.023056
0.519577,0.008188
0.511891,-0.026584
0.491306,-0.039124
0.477457,-0.016596
0.484862,0.006645
0.506693,-0.000807
0.523311,-0.020732
0.521370,-0.024487
0.509480,-0.016562
0.501701,-0.010872
0.502037,-0.003769
0.504269,0.011286
0.499762,0.013966
0.495210,-0.011494
0.501643,-0.035273
0.516434,-0.022419
0.522032,0.013174
0.507938,0.024249
0.494118,0.001410
0.501341,-0.016640
0.518579,-0.011390
0.518595,-0.002734
0.496401,-0.006880
0.477913,-0.010682
0.476118,-0.001062
0.480219,0.008476
0.484943,0.009786
0.496059,0.011763
0.510348,0.015849
0.508567,0.012256
0.492405,0.002104
0.490520,0.004743
0.507508,0.019071
0.514594,0.020075
0.495961,0.001960
0.480587,-0.016258
0.495934,-0.022430
0.516976,-0.026752
0.508208,-0.030678
0.477633,-0.017506
0.463746,0.007971
0.480719,0.021076
0.504584,0.014540
0.515764,0.007744
0.511643,0.011357
0.498039,0.009307
0.486655,-0.001530
0.488455,-0.002633
0.502454,0.011742
0.508288,0.023922
0.496829,0.020639
0.487141,0.017052
0.492438,0.024342
0.501226,0.027905
0.497907,0.014762
0.492509,-0.004846
0.501377,-0.008985
0.512616,0.000320
0.511953,0.001943
0.509609,-0.008044
0.522956,-0.012306
0.541304,0.002483
0.536428,0.018432
0.512675,0.009584
0.498203,-0.015555
0.501869,-0.026816
0.506152,-0.012141
0.498284,0.005452
0.490484,0.005769
0.490902,0.000632
0.492263,0.003114
0.490429,0.008734
0.488137,0.008955
0.487430,0.009491
0.483282,0.015596
0.478966,0.013761
0.484536,0.002262
0.494557,0.002687
0.499292,0.024386
0.501950,0.040783
0.513117,0.023514
0.523748,-0.006260
0.509213,-0.009538
0.477970,0.010019
0.467815,0.017316
0.491798,0.001765
0.515793,-0.006708
0.506691,0.004760
0.484218,0.009936
0.481606,-0.007466
0.491692,-0.026828
0.486240,-0.020502
0.469191,0.003229
0.477712,0.019473
0.514778,0.025751
0.535574,0.030130
0.511798,0.032271
0.473558,0.026826
0.473082,0.020733
0.510443,0.025581
0.535388,0.033673
0.516853,0.033518
0.480450,0.025933
0.476121,0.017793
0.508080,0.011419
0.531896,0.003356
0.518244,-0.002695
0.490774,-0.007440
0.492895,-0.017071
0.520303,-0.025063
0.531351,-0.019226
0.513924,-0.000115
0.497454,0.012105
0.503870,0.007124
0.512670,-0.000034
0.504808,-0.000246
0.499147,0.000363
0.512424,-0.002583
0.526987,-0.001096
0.519330,0.006846
0.504119,0.004219
0.506895,-0.011423
0.511530,-0.019145
0.491398,-0.008333
0.460858,0.003115
0.458999,-0.005200
0.486357,-0.019412
0.502572,-0.017989
0.496321,-0.008474
0.494875,-0.011319
0.511605,-0.025989
0.526023,-0.028246
0.523131,-0.010106
0.520207,0.009237
0.525017,0.013632
0.519912,0.004400
0.502169,-0.004223
0.495297,-0.004586
0.510406,0.001139
0.519143,0.007086
0.503669,0.003997
0.491854,-0.006925
0.505802,-0.017955
0.522126,-0.025770
0.508594,-0.030374
0.484095,-0.029965
0.490729,-0.016480
0.519418,0.002852
0.526604,0.006783
0.502356,-0.006839
0.483782,-0.015003
0.494196,0.000207
0.511001,0.019733
0.515725,0.014992
0.517769,-0.007135
0.523164,-0.019533
0.517553,-0.013082
0.496493,-0.008218
0.489426,-0.019009
0.510791,-0.029515
0.530655,-0.021969
0.519929,-0.000147
0.492978,0.013154
0.482963,0.004413
0.484517,-0.013820
0.472764,-0.023537
0.455977,-0.018622
0.461032,-0.009165
0.487777,-0.003616
0.504654,0.001887
0.499746,0.006395
0.493863,0.004640
0.496380,-0.001167
0.495693,0.002711
0.486652,0.021547
0.485780,0.034474
0.503236,0.025888
0.519840,0.007257
0.519150,-0.001506
0.506854,0.001333
0.498590,0.001189
0.498586,-0.001951
0.497600,-0.000900
0.494528,-0.000492
0.494728,-0.005839
0.502218,-0.007774
0.515189,0.007337
0.523707,0.025566
0.522552,0.020270
0.512439,-0.002287
0.499659,-0.012530
0.490344,-0.000871
0.484861,0.006361
0.487772,-0.005649
0.500031,-0.011991
0.511826,0.004674
0.509927,0.023949
0.493642,0.018594
0.485382,-0.000160
0.498843,-0.001268
0.515705,0.010901
0.506095,0.012777
0.468909,0.005902
0.444379,0.011529
0.461049,0.025143
0.496529,0.014876
0.508439,-0.017191
0.491254,-0.030979
0.485565,-0.011013
0.511176,0.010943
0.535472,0.007379
0.521773,-0.000414
0.481370,0.009670
0.460557,0.017953
0.473311,0.003457
0.489381,-0.015702
0.484325,-0.009091
0.469493,0.012602
0.473275,0.018774
0.496341,0.011876
0.514214,0.009594
0.511813,0.008696
0.496338,-0.005391
0.485961,-0.021941
0.483402,-0.019298
0.480404,-0.009329
0.477273,-0.010655
0.481777,-0.008537
0.499013,0.018949
0.515902,0.050069
0.514404,0.040424
0.493871,0.001935
0.470450,-0.012587
0.464952,0.004662
0.478136,0.009793
0.493320,-0.014063
0.498790,-0.023095
0.496916,0.004654
0.499272,0.025736
0.503871,0.006906
0.500795,-0.020164
0.492273,-0.011968
0.487508,0.012762
0.489890,0.011222
0.490424,-0.007846
0.489255,-0.011869
0.499665,-0.003769
0.518130,-0.010404
0.523153,-0.022691
0.503393,-0.007268
0.480330,0.021982
0.479918,0.019458
0.492211,-0.018052
0.494556,-0.040383
0.486778,-0.018347
0.488619,0.011513
0.503551,0.010751
0.509835,-0.007166
0.501173,-0.006591
0.494318,0.016343
0.501132,0.031136
0.511992,0.023258
0.513675,0.006606
0.515805,-0.001241
0.528625,0.001308
0.541992,-0.000870
0.539450,-0.014648
0.518760,-0.031120
0.496363,-0.036151
0.482766,-0.028087
0.478992,-0.022692
0.485724,-0.023748
0.497118,-0.017192
0.504331,0.003696
0.502671,0.021524
0.499833,0.013479
0.501423,-0.010135
0.495622,-0.020671
0.479910,-0.010333
0.474184,0.003650
0.494976,0.002500
0.522217,-0.009219
0.517536,-0.017249
0.484432,-0.012962
0.462625,0.003119
0.471293,0.015540
0.487213,0.009524
0.485888,-0.012455
0.483622,-0.028907
0.502565,-0.022781
0.531241,-0.005910
0.542409,0.005189
0.530570,0.010011
0.517032,0.015047
0.511648,0.017845
0.506252,0.010607
0.498195,0.001826
0.493149,0.000786
0.495190,-0.001117
0.498125,-0.013121
0.500088,-0.025283
0.507074,-0.015273
0.515796,0.013981
0.519628,0.034959
0.517626,0.033661
0.514079,0.018897
0.507488,0.005789
0.493397,-0.005819
0.486628,-0.021231
0.502868,-0.032846
0.529163,-0.032192
0.534897,-0.020795
0.513107,-0.012321
0.495161,-0.015407
0.500685,-0.020758
0.514286,-0.017786
0.519091,-0.006665
0.518316,-0.000957
0.518054,-0.006463
0.505562,-0.007575
0.479200,0.007187
0.467374,0.028476
0.484775,0.034873
0.507394,0.024098
0.505227,0.017465
0.489913,0.022833
0.492436,0.024871
0.508188,0.008674
0.512945,-0.012302
0.504188,-0.010634
0.501786,0.011876
0.508580,0.029463
0.501325,0.025526
0.476237,0.009283
0.458593,-0.002469
0.469817,-0.010934
0.500222,-0.018094
0.519463,-0.016907
0.515147,-0.005296
0.497798,0.004682
0.486309,-0.001737
0.488762,-0.014762
0.493988,-0.016082
0.493281,-0.006061
0.490336,0.001914
0.492652,0.001059
0.494266,0.002383
0.480358,0.011404
0.461233,0.017969
0.464152,0.014793
0.493061,0.004742
0.516789,-0.002644
0.509360,-0.006103
0.492924,-0.007939
0.500272,-0.002139
0.523344,0.012238
0.527691,0.024086
0.506208,0.016621
0.492349,-0.007183
0.501705,-0.020377
0.510256,-0.009499
0.499847,0.010876
0.487386,0.017631
0.496328,0.009133
0.509795,0.002659
0.498197,0.002736
0.472329,0.003830
0.469279,0.003986
0.499803,0.006558
0.527731,0.012093
0.520740,0.014576
0.490464,0.015314
0.466037,0.014267
0.461687,0.004573
0.469596,-0.011389
0.482684,-0.019447
0.500915,-0.009436
0.516466,0.003766
0.519460,0.002436
0.507111,-0.003203
0.491214,0.001910
0.488200,0.009483
0.497716,-0.000952
0.506720,-0.021377
0.503876,-0.019607
0.497445,0.004795
0.503729,0.017168
0.514953,-0.001341
0.509505,-0.024164
0.485849,-0.018716
0.474793,0.001170
0.497567,0.004195
0.527613,-0.010919
0.529855,-0.018740
0.507804,-0.008853
0.494958,-0.000293
0.505646,-0.002964
0.519689,-0.007607
0.522421,-0.009311
0.517115,-0.013317
0.509475,-0.021110
0.501246,-0.020697
0.496808,-0.012330
0.504137,-0.009943
0.514494,-0.012359
0.512816,-0.007653
0.503396,0.001799
0.499722,-0.003055
0.502470,-0.017294
0.497237,-0.005680
0.486011,0.035178
0.491672,0.059349
0.518611,0.032315
0.543588,-0.013593
0.542164,-0.021882
0.521542,0.004070
0.508858,0.017848
0.512148,0.002498
0.517153,-0.012928
0.507507,-0.008911
0.489468,-0.008441
0.484671,-0.025663
0.497747,-0.036391
0.514463,-0.017976
0.521865,0.010996
0.526205,0.014659
0.533994,-0.001609
0.528703,-0.004286
0.501106,0.014107
0.473454,0.027520
0.474737,0.015003
0.496135,-0.008356
0.501460,-0.021057
0.487913,-0.022989
0.482873,-0.022795
0.493416,-0.023161
0.496830,-0.018029
0.483450,-0.009002
0.478672,-0.004859
0.494256,-0.008555
0.507170,-0.018261
0.500501,-0.024172
0.489223,-0.017443
0.495844,-0.000306
0.511252,0.013866
0.512849,0.010010
0.499907,-0.006150
0.487179,-0.017947
0.486940,-0.019494
0.495768,-0.016258
0.504232,-0.014352
0.505140,-0.009069
0.494617,-0.000722
0.483991,0.001446
0.488422,-0.003004
0.510066,-0.007412
0.531660,-0.009314
0.529704,-0.018909
0.506703,-0.037024
0.487877,-0.041233
0.492185,-0.018963
0.507052,0.012058
0.501230,0.022652
0.476558,0.011092
0.469266,0.001996
0.498760,0.005309
0.533091,0.011191
0.526434,0.009012
0.487401,0.000104
0.464177,-0.007621
0.479891,-0.010820
0.509845,-0.005197
0.518727,0.003559
0.505285,0.000963
0.488407,-0.011218
0.483848,-0.014040
0.497860,0.002165
0.521916,0.014360
0.539746,0.002522
0.536678,-0.012009
0.517017,-0.003628
0.498324,0.013448
0.488113,0.004840
0.488174,-0.022485
0.499528,-0.023048
0.518580,0.012732
0.530997,0.043447
0.523380,0.035324
0.508343,0.007844
0.504952,0.000574
0.511928,0.013763
0.514797,0.020499
0.508182,0.009687
0.500957,-0.002149
0.491751,0.002140
0.476750,0.015581
0.471390,0.026573
0.490245,0.032532
0.518840,0.032758
0.523022,0.019822
0.499636,-0.014401
0.482527,-0.051700
0.488756,-0.060479
0.502578,-0.033288
0.506209,0.002418
0.505769,0.012847
0.510999,0.001161
0.513380,-0.006998
0.509894,-0.001213
0.510006,0.009169
0.517213,0.014718
0.520560,0.021191
0.511543,0.028535
0.502115,0.024936
0.500785,0.009707
0.501049,-0.003685
0.497418,-0.003441
0.492363,0.001881
0.491156,-0.000832
0.489568,-0.007570
0.485879,-0.009818
0.485653,-0.006129
0.487361,-0.003926
0.487995,-0.007674
0.490075,-0.012033
0.499816,-0.012337
0.512675,-0.005114
0.512697,0.003781
0.500748,0.003015
0.491571,-0.005814
0.491740,-0.009200
0.492868,0.000939
0.485945,0.007869
0.480389,-0.005505
0.486559,-0.023744
0.501256,-0.022550
0.512992,-0.003811
0.512630,0.008143
0.507156,0.008812
0.508089,0.019097
0.517696,0.039177
0.524689,0.043882
0.514699,0.021960
0.496423,-0.002353
0.490119,-0.003017
0.501207,0.008329
0.514488,0.009731
0.514581,0.002177
0.509528,0.001695
0.510334,0.009749
0.512667,0.008448
0.506549,-0.004536
0.492146,-0.011331
0.484111,-0.000754
0.487315,0.016367
0.490650,0.018647
0.484577,0.005376
0.473202,-0.008679
0.475447,-0.013354
0.496494,-0.008493
0.517694,-0.001680
0.519182,0.003236
0.503456,0.002364
0.494594,-0.004896
0.500691,-0.009013
0.506795,-0.003819
0.503411,0.004910
0.498419,0.002684
0.503349,-0.010329
0.510095,-0.013661
0.508209,-0.000848
0.504423,0.008777
0.506114,-0.004729
0.509160,-0.026876
0.501829,-0.022718
0.486629,0.008199
0.479996,0.030752
0.488807,0.020254
0.507357,-0.005583
0.520946,-0.013646
0.520600,-0.003902
0.512045,0.003528
0.506581,-0.000359
0.510748,-0.007395
0.514623,-0.009409
0.508544,-0.009398
0.501060,-0.006003
0.502936,0.001362
0.511340,0.004563
0.510955,-0.001062
0.501516,-0.008660
0.499639,-0.005239
0.507073,0.004621
0.511236,0.005651
0.507615,-0.001369
0.509863,-0.005715
0.521284,-0.001685
0.518728,0.003824
0.496765,0.006405
0.486595,0.010557
0.511034,0.011986
0.539547,0.004221
0.525015,-0.009391
0.483487,-0.016123
0.472095,-0.009598
0.501643,-0.001334
0.522222,0.001463
0.501169,0.003470
0.472681,0.009919
0.472989,0.018218
0.486624,0.017795
0.484812,0.006557
0.473507,-0.009915
0.477546,-0.020100
0.492055,-0.010708
0.497678,0.011983
0.498125,0.022512
0.504908,0.002154
0.513222,-0.028621
0.507241,-0.027578
0.491411,0.005297
0.486408,0.025285
0.495226,0.005220
0.505638,-0.022639
0.506430,-0.013831
0.500536,0.017070
0.498209,0.024489
0.500295,-0.000471
0.502073,-0.022696
0.497883,-0.017775
0.492877,-0.003210
0.497469,0.002008
0.504988,0.000717
0.501322,0.001133
0.487359,0.004212
0.483869,0.006980
0.499812,0.012262
0.512504,0.015792
0.504222,0.010061
0.485086,0.001762
0.475870,-0.000065
0.481341,0.002469
0.491798,-0.001270
0.504226,-0.008473
0.513289,-0.003022
0.510025,0.012404
0.499267,0.018739
0.495427,0.004735
0.503787,-0.018468
0.508952,-0.029992
0.502800,-0.024866
0.498877,-0.009345
0.504073,0.005417
0.509373,0.009034
0.505296,-0.000590
0.498439,-0.017993
0.495692,-0.027215
0.488104,-0.018587
0.475209,-0.002076
0.471121,0.003798
0.482809,-0.007775
0.494892,-0.017202
0.488291,-0.006697
0.470735,0.012606
0.459860,0.017386
0.461179,0.003045
0.473265,-0.007655
0.494523,-0.001098
0.519671,0.010161
0.528231,0.012008
0.510036,0.003973
0.486832,-0.001787
0.483167,0.002549
0.497315,0.017609
0.505877,0.037802
0.501245,0.044018
0.497732,0.024710
0.500597,-0.006990
0.503689,-0.022406
0.501223,-0.009091
0.495485,0.011447
0.490188,0.015038
0.486458,-0.000238
0.491750,-0.017278
0.504210,-0.018916
0.508853,-0.008460
0.500385,0.000444
0.492436,-0.001506
0.499846,-0.006674
0.510962,0.001616
0.509061,0.019021
0.502360,0.025963
0.505512,0.013845
0.515719,-0.000178
0.515327,0.002738
0.502777,0.009436
0.495049,0.000910
0.499003,-0.013218
0.508361,-0.005637
0.510568,0.024247
0.500143,0.039441
0.485269,0.021791
0.479736,-0.002415
0.492168,-0.002378
0.508951,0.014442
0.511893,0.017351
0.504439,0.007335
0.498153,0.010422
0.493044,0.029601
0.480448,0.038398
0.470413,0.021207
0.479845,0.004197
0.493702,0.012403
0.486594,0.029595
0.467637,0.024982
0.473406,-0.002520
0.506602,-0.021946
0.522190,-0.019392
0.502245,-0.012430
0.483499,-0.012693
0.496681,-0.011311
0.517773,0.001435
0.511134,0.010709
0.496555,-0.002311
0.509960,-0.028553
0.535659,-0.044587
0.526713,-0.036269
0.478886,-0.010679
0.445730,0.017308
0.459651,0.037230
0.494843,0.038567
0.513801,0.020722
0.510017,-0.003729
0.500163,-0.015480
0.491027,-0.004000
0.482928,0.016979
0.480391,0.027144
0.480366,0.020761
0.477447,0.012163
0.474555,0.015732
0.483605,0.019790
0.502450,0.009047
0.505826,-0.008297
0.483763,-0.010087
0.458016,0.005443
0.457562,0.012322
0.483350,0.003174
0.507718,-0.000938
0.513782,0.009735
0.507012,0.015080
0.501978,-0.002553
0.505116,-0.021102
0.508930,-0.014252
0.508177,0.006718
0.502200,0.014835
0.495217,0.006362
0.492692,0.001490
0.491446,0.004131
0.487403,0.000300
0.481387,-0.009916
0.483849,-0.015127
0.500526,-0.012530
0.514292,-0.012930
0.507623,-0.017604
0.487391,-0.011960
0.480264,0.005728
0.494729,0.023524
0.505334,0.030246
0.497170,0.024000
0.487112,0.007891
0.495504,-0.013799
0.512436,-0.023838
0.511395,-0.010216
0.494712,0.011269
0.486352,0.014878
0.495216,-0.002610
0.504344,-0.014767
0.493702,-0.006986
0.471768,0.006456
0.461956,0.012011
0.475666,0.011430
0.499458,0.012463
0.507774,0.010721
0.497690,0.000643
0.488456,-0.010912
0.494290,-0.018874
0.506184,-0.020091
0.505920,-0.010333
0.498051,0.011095
0.497051,0.030761
0.502726,0.025287
0.502791,-0.003530
0.492344,-0.027323
0.485447,-0.025438
0.490694,-0.005382
0.501348,0.008207
0.507752,0.006807
0.504000,-0.001976
0.493624,-0.010244
0.482476,-0.013727
0.479527,-0.014102
0.490107,-0.010687
0.501807,-0.005219
0.500892,-0.002528
0.490195,-0.004386
0.490278,-0.010466
0.509090,-0.013403
0.521325,-0.008621
0.505585,-0.000315
0.476199,0.003803
0.467040,-0.003678
0.483559,-0.017318
0.494925,-0.024821
0.487176,-0.019557
0.480740,-0.006668
0.494276,-0.000113
0.514569,0.000979
0.517239,0.008215
0.507677,0.020008
0.505102,0.019366
0.512397,-0.001473
0.517994,-0.018620
0.513843,-0.012211
0.505773,0.000992
0.498150,-0.003125
0.493885,-0.017691
0.497313,-0.013356
0.502337,0.009781
0.499257,0.021358
0.488672,0.011087
0.488442,-0.003584
0.508968,-0.008065
0.530370,-0.011425
0.531379,-0.020366
0.517125,-0.022027
0.510975,-0.011411
0.518264,0.000193
0.516225,0.002090
0.494697,-0.001985
0.471231,-0.005591
0.469059,-0.014644
0.489092,-0.027106
0.510001,-0.028809
0.517247,-0.013507
0.508625,0.006474
0.492813,0.011982
0.486563,0.003771
0.496210,-0.005983
0.508349,-0.009740
0.498847,-0.005002
0.472092,0.002646
0.464716,0.005210
0.489942,-0.003308
0.515487,-0.014086
0.508395,-0.009247
0.487436,0.006767
0.492914,0.012796
0.518194,0.001720
0.526260,-0.007320
0.508733,0.001353
0.495387,0.010434
0.500990,0.001313
0.502210,-0.018185
0.488080,-0.027882
0.478334,-0.021124
0.486493,-0.008095
0.494574,0.005880
0.482276,0.014055
0.466332,0.006181
0.471857,-0.010432
0.492636,-0.014709
0.502007,-0.000566
0.490978,0.005050
0.482137,-0.015060
0.490144,-0.030534
0.501280,-0.009948
0.497431,0.025354
0.480633,0.023422
0.472664,-0.016812
0.482746,-0.034004
0.500347,0.002592
0.511980,0.046186
0.509608,0.037650
0.497243,-0.005937
0.485654,-0.016762
0.488650,0.016515
0.506655,0.038079
0.514148,0.013522
0.493812,-0.018606
0.464252,-0.010777
0.461566,0.016737
0.489747,0.017487
0.512206,-0.009353
0.509732,-0.026201
0.500324,-0.016061
0.502113,0.000334
0.503973,0.010574
0.489196,0.018047
0.473002,0.019569
0.477157,0.010186
0.497116,-0.002152
0.513838,-0.001823
0.517919,0.003898
0.514684,-0.001980
0.505687,-0.010762
0.494442,-0.003325
0.493520,0.017899
0.504243,0.028903
0.514427,0.022688
0.514011,0.018070
0.508724,0.020800
0.505055,0.018841
0.496191,0.006920
0.485149,-0.001605
0.485295,0.003871
0.498602,0.010816
0.509674,0.008285
0.508213,0.001062
0.506033,-0.001577
0.506819,0.002045
0.498473,0.004385
0.483348,0.003475
0.483367,-0.000784
0.508502,-0.006877
0.531635,-0.006585
0.527011,0.000391
0.506561,0.002475
0.493870,-0.011046
0.493504,-0.027063
0.493827,-0.020341
0.493996,0.001872
0.500806,0.008224
0.505464,-0.009464
0.498043,-0.018628
0.484811,0.007893
0.483292,0.045512
0.497406,0.055333
0.509269,0.033699
0.508537,0.008906
0.501221,0.001111
0.497721,0.001363
0.498439,-0.001985
0.496748,-0.009493
0.498822,-0.013884
0.512858,-0.007629
0.531956,0.003063
0.537502,0.004744
0.520460,-0.008369
0.497950,-0.021132
0.488817,-0.014610
0.495007,0.000396
0.508665,0.001462
0.519538,-0.010756
0.520991,-0.013672
0.506632,0.000403
0.484202,0.010129
0.474378,0.005708
0.481999,0.000111
0.492848,0.000974
0.494622,0.000515
0.494681,-0.005734
0.501805,-0.004543
0.503437,0.004866
0.491578,0.003950
0.480150,-0.006726
0.488461,-0.002374
0.511984,0.025773
0.523921,0.041541
0.513624,0.014152
0.493687,-0.024039
0.482570,-0.019153
0.486403,0.028482
0.495493,0.059256
0.501868,0.037618
0.502939,0.000645
0.502583,-0.004189
0.506496,0.018038
0.514647,0.025091
0.525097,0.003831
0.528153,-0.015819
0.514258,-0.015702
0.490233,-0.008790
0.475135,-0.010206
0.481624,-0.010688
0.495008,0.004439
0.495373,0.021920
0.486560,0.022391
0.482810,0.007478
0.486893,-0.005884
0.488739,-0.011146
0.490233,-0.017734
0.502455,-0.022768
0.516275,-0.015297
0.513526,-0.000575
0.493998,0.004489
0.482687,-0.003997
0.497398,-0.007294
0.520235,0.000640
0.523132,0.001910
0.499569,-0.009293
0.474728,-0.014304
0.479010,0.001672
0.509171,0.018963
0.534693,0.013910
0.531421,-0.001002
0.510397,-0.002886
0.499483,0.005709
0.501987,0.004765
0.503898,-0.002526
0.500195,0.007137
0.502168,0.029071
0.513261,0.035117
0.515590,0.016723
0.500878,0.000313
0.482666,0.008454
0.478347,0.023986
0.486700,0.022660
0.490900,0.005144
0.489341,-0.012027
0.493313,-0.019184
0.505506,-0.018942
0.512419,-0.009378
0.503258,0.004948
0.495257,0.006902
0.507282,-0.008085
0.527986,-0.021099
0.530470,-0.010228
0.512255,0.011825
0.502671,0.014652
0.511705,-0.003324
0.515329,-0.019272
0.500166,-0.019674
0.486018,-0.015700
0.495568,-0.014121
0.513718,-0.003763
0.514367,0.012581
0.502788,0.015579
0.498842,-0.001304
0.505798,-0.015944
0.509117,-0.007306
0.507742,0.009779
0.516441,0.011454
0.531464,-0.003688
0.531210,-0.019333
0.504981,-0.025074
0.475603,-0.026301
0.473702,-0.024982
0.491420,-0.019060
0.496497,-0.009740
0.478314,0.000587
0.467317,0.006455
0.488522,0.003587
0.516258,-0.010360
0.516023,-0.027104
0.496756,-0.029685
0.495133,-0.016787
0.515155,-0.002839
0.522280,-0.001427
0.506171,-0.009617
0.489645,-0.015131
0.484467,-0.017477
0.478464,-0.018855
0.469385,-0.016659
0.479795,-0.008411
0.509874,0.002681
0.527753,0.006304
0.518865,0.002349
0.504854,-0.000425
0.507872,0.004420
0.514090,0.014126
0.505444,0.013641
0.492741,-0.002136
0.491231,-0.018934
0.497796,-0.016923
0.499417,0.003220
0.497584,0.013589
0.501305,0.001184
0.504999,-0.015356
0.501717,-0.015915
0.494409,-0.008181
0.493010,-0.013911
0.502659,-0.028301
0.518341,-0.031258
0.534736,-0.020129
0.540063,-0.006162
0.524057,0.002756
0.495830,0.005878
0.478527,-0.003708
0.485906,-0.023239
0.497188,-0.026322
0.484632,-0.000893
0.456408,0.026660
0.447142,0.022601
0.473583,-0.004191
0.507714,-0.017222
0.517030,-0.011944
0.506641,-0.007451
0.498877,-0.005063
0.499692,0.008324
0.497183,0.023116
0.492996,0.012395
0.499973,-0.011193
0.509849,-0.008743
0.507145,0.019138
0.497193,0.029205
0.500538,0.003275
0.514525,-0.018668
0.512795,-0.007383
0.495640,0.011819
0.490110,0.011859
0.504724,0.006535
0.518105,0.019310
0.516924,0.033139
0.516555,0.021617
0.518712,-0.000540
0.502836,-0.007808
0.470827,-0.005965
0.454494,-0.017402
0.470643,-0.034501
0.491950,-0.029462
0.493902,-0.007565
0.490643,0.003508
0.498100,-0.002740
0.507307,-0.005587
0.504451,0.006098
0.498599,0.015449
0.501406,0.012039
0.501483,0.004632
0.492630,0.002917
